1383
5681
11216
9717
13432
9469
9399
16713
10885
8074
16393
13712
7943
7733
10046
12169
16874
13441
2807
9678
17508
1719
7712
1635
7369
4224
9375
11544
9792
12837
3753
9445
10096
13322
194
11656
2199
715
11287
947
4347
7481
11753
2110
12272
5718
15927
6839
7617
6797
3675
5933
7249
4823
14709
7033
16117
11230
2515
2781
15664
5768
8227
9966
5922
14538
6833
3222
11441
5570
3177
9788
2849
17281
11993
11190
14212
10498
5700
6779
12938
8253
1349
17428
8730
6827
4609
8282
2277
14496
13875
3562
12416
688
12926
1941
10260
9913
491
4581
11857
9195
4306
12702
10281
241
7002
16494
15190
11855
842
16346
12849
13776
6886
15173
14896
15747
12365
3077
11094
1478
3714
65
10653
16352
362
6016
14394
16876
16605
13947
7896
16958
5037
3554
5157
11655
10398
15545
6229
8402
12694
13385
6460
11752
12390
6258
14800
4838
7318
329
1714
13652
11851
10469
13762
1320
15885
5866
6824
3340
8738
5290
2398
15998
1856
10817
2524
17373
5614
3167
2144
1865
15047
5063
10323
13733
410
4963
8867
14799
8117
8546
10294
10804
2582
16088
3548
10477
5590
4717
3141
680
9088
6379
7529
14295
4351
11264
2077
12485
16301
14755
3499
15874
443
3909
7903
1522
1821
11705
4981
3212
6153
13572
4694
15487
3556
2614
7432
9738
2416
12470
12282
3659
14614
251
17545
14070
17629
9006
2060
4976
5358
2936
12607
637
7829
434
12862
12389
3371
5304
4245
15434
8358
14957
14706
13026
13419
17371
12576
10985
11417
10074
8426
12417
15587
5282
8576
12331
13126
9427
1816
4108
8316
8625
11468
16280
3873
14350
5099
1945
4760
9333
937
6885
7447
15271
11623
10450
4354
13165
14941
4020
5518
7298
17616
6261
704
11690
8949
9959
7892
15232
12640
11318
4201
11703
15104
1237
5363
11555
16746
1666
2257
14758
13748
5716
1494
15360
3569
4844
4433
10375
8296
2252
9532
15183
11886
17229
4702
3410
15724
11466
3390
8277
6980
17296
982
11931
16150
7069
1471
16333
6518
6087
12189
9239
1508
307
9799
612
14969
14007
9936
6606
5275
786
7067
17531
4975
10371
2665
3521
13142
10716
11895
2530
968
5266
12322
16330
10890
16708
2563
16812
7088
7057
7205
6321
11866
10215
435
14450
14200
9376
7311
1360
17268
16886
517
16468
12097
4682
869
16857
9253
4810
2488
4424
2779
2289
9585
16957
3766
8565
16935
17170
991
16680
2349
6118
7908
7550
4776
9495
1520
13491
12306
4697
6188
11164
16055
9637
16953
16570
10614
11025
10135
10048
5343
5870
2506
4117
11564
8064
137
2739
9772
1737
10191
13668
944
10855
14337
12489
8962
4893
3347
14095
6044
15147
7175
8123
4941
17607
5385
15205
9110
2086
3165
10776
13604
2621
13270
9893
13898
9348
6377
485
9412
9176
15225
6912
10960
15178
7486
14352
15896
14933
8509
2626
6836
3524
16831
16004
16869
9769
3295
11459
9771
7840
10745
3021
10703
4910
14730
11583
13753
17677
15313
9140
8822
1182
6517
369
16598
15256
13866
6161
3819
12939
8284
344
1583
5980
4198
6591
1194
5684
7416
6395
17761
11749
5139
9426
1769
16547
15930
5732
6156
17243
903
14369
17679
6617
11553
15342
17406
13531
15508
4809
1971
3935
7464
2490
14311
10602
16978
6214
8634
17095
8990
11046
2167
10877
5315
9836
16061
11226
17372
15986
13223
12521
1343
9095
11514
13793
1275
7233
13452
366
843
9748
11684
6775
13922
10052
6875
14475
6979
16558
6637
10311
11202
9848
13685
5893
3375
16338
12148
1683
16776
3603
13809
2727
15270
16353
9087
1065
7224
13923
9867
9417
14897
2045
10148
8513
326
9250
7967
6034
4712
2801
15042
1709
5203
16548
12709
4954
8232
6536
11399
14375
7106
6744
11143
17421
4531
9709
10247
3334
9883
15725
5359
1269
10796
12841
3311
12804
16889
4265
1455
8468
9584
5696
10339
4269
8309
201
11020
190
7932
10108
14171
1987
13227
5320
10567
1703
12324
11364
7327
10506
7904
581
5448
5466
10141
9280
15309
5214
5516
2135
2274
7329
11880
8723
988
12388
6327
13334
9352
11148
5675
6762
2047
15800
10626
12506
16675
9393
1678
10789
4644
9162
6052
5845
9943
3601
934
9945
3197
1893
17547
10246
17582
13343
4994
13993
10724
11410
16806
11685
12056
15328
3231
9750
661
16963
8491
16277
10424
12846
5467
4734
17118
17014
5160
5145
14696
13319
17165
6895
7470
17417
1715
316
10915
11486
11081
6362
14274
13660
13236
5524
7436
6616
14954
5502
4049
750
14518
14263
4487
4327
6399
2030
6692
8252
17638
10585
16511
13459
458
4013
10995
11606
16313
3456
1414
6688
16259
4468
6689
12897
10390
13703
1755
4747
7285
1606
8431
5571
3483
8833
16006
3987
11257
4000
4501
11846
11573
13654
6557
8325
7014
8522
4818
814
8472
14399
13404
4819
3324
2619
2132
16124
4247
10545
4203
6380
15035
9497
9325
11199
12037
17354
9073
5469
6141
4923
2365
8096
5265
16439
11759
8669
14571
1586
3328
5715
11480
13466
6231
17206
16294
12107
11973
4686
15915
9909
9816
2440
10707
453
5836
17444
5132
7031
9464
8549
11418
2424
13767
5762
2038
17448
7527
13662
10381
2816
3447
17225
17397
13750
4932
215
5228
5607
6804
17191
10473
17652
13013
16900
5008
16107
4729
3732
2541
17643
4980
12483
14837
9169
10849
283
7375
577
8828
11836
15786
11815
3610
4875
7458
16911
1487
8029
16620
10068
9349
14534
15112
12168
145
7551
712
4149
643
9017
11470
8956
16536
6028
5457
14469
5533
13437
9502
3214
4740
14444
17282
6393
11215
14101
4383
13433
6948
6450
7401
4909
7659
7948
8654
12726
1134
332
13883
10712
6670
15649
11439
14181
7817
4136
2137
519
15350
13921
1055
5390
7093
8647
14556
10207
2001
6821
10213
14445
12106
7624
13110
2976
12466
6642
13032
17130
8597
12112
4562
3923
2413
15367
14373
5982
6120
13956
797
1509
12592
16140
8715
9040
4173
14294
10038
13494
9551
11742
14594
16735
2855
4344
6396
7239
1744
3793
7557
8083
963
16309
1533
11369
13803
10906
13278
8958
14996
8433
7015
7141
1603
4292
3367
1238
14228
6793
2725
16755
2596
17565
10734
10023
613
7844
4547
10770
2858
1178
10497
15390
11907
14975
12998
5703
3158
8145
3056
17599
14162
2310
10050
10072
12690
4625
6902
14176
17139
10182
7889
10119
8895
11035
7545
8367
17037
8660
4897
1507
8320
11937
7084
7109
12976
12652
746
14640
8088
3139
16695
12505
8375
6665
13345
2944
10715
17586
7313
7597
3649
1430
5463
16282
5371
10188
13215
11110
2130
6680
9242
15207
1325
17700
3803
1014
139
3329
13143
10621
9225
14345
12271
16899
9866
7730
16850
8443
5079
11386
16047
1078
10109
4422
3169
11427
16135
12649
5278
3888
11161
13751
1614
6620
10581
8381
6938
5785
7065
3940
15382
5189
10444
1286
15007
10332
16912
9119
8802
11454
9651
445
10590
17098
4535
9209
9138
16179
4709
2318
10606
3930
6699
2357
15089
5055
15590
4296
3706
1144
3003
7198
8248
5404
12385
6748
8506
3831
16507
221
11810
9874
13614
15375
15039
16141
1620
13764
17023
7167
10826
16701
802
14888
4257
11342
7552
12711
12351
3380
8653
7490
4423
1597
6387
8734
1810
5110
13309
16934
4180
14085
3055
17220
7038
15062
10400
13901
10905
508
12052
731
7877
7706
14565
428
13194
13209
15336
11409
16761
5660
12369
11
16056
8588
17490
5865
15897
248
11856
16603
10859
9937
4356
16519
5274
11618
4022
1075
7934
8455
3820
1579
13926
5129
3014
12855
16522
13399
16784
14886
10406
3200
12481
1811
2400
11010
10851
7789
4766
2721
10973
9746
12098
10242
2856
2546
14699
11754
11951
954
15455
535
2591
14742
16199
8295
1420
7349
340
2664
4357
8590
12786
7162
13578
15372
14301
12368
10383
15166
6671
14553
4238
10244
12216
2437
15828
3999
452
3827
6599
8661
4376
236
104
5308
4440
3821
14044
6381
5159
785
16188
5178
8890
10449
4914
3920
9572
11479
9249
8564
11229
5841
2281
12275
2475
5779
11557
11350
3876
165
12758
10331
7488
14402
13517
15875
4336
15364
4798
11698
4598
11302
15056
5529
11185
9091
14786
160
5031
3018
2479
13093
13701
9227
6432
14613
17205
1852
12472
15654
17017
9743
85
9499
8519
11160
3516
10234
9579
6471
16163
13503
6070
3175
10814
2894
9602
13507
1392
769
14723
16367
4355
7571
6786
15101
15568
16780
9673
12921
3099
14189
7941
9999
16986
3894
1259
13726
13790
12588
12237
15142
15321
16990
5815
5484
16568
14206
15871
10185
17209
9729
16872
6858
11233
15585
6799
464
6611
1657
4342
17628
7563
5786
8803
9407
12584
11502
11496
5798
15458
11980
11524
7289
17546
12516
10428
418
3936
5874
3065
4775
914
925
17750
10835
1531
16938
13666
1086
2141
14418
14537
2777
12342
3302
5520
11802
7562
16781
5951
8095
9934
9718
2794
11066
4521
14408
2004
17526
8505
16642
1968
6343
6859
12444
9622
11132
15401
8608
15476
15099
12343
5427
8937
5408
2824
6235
5869
7139
8819
4592
6577
15019
9052
856
10878
5583
8905
5927
7451
14691
15660
15117
17518
17438
6811
10620
11003
6464
7899
4293
17217
3142
10928
9818
2494
8686
10560
15567
12757
5010
2341
17355
7747
7422
7800
8744
15597
14746
4949
1424
8650
11765
4380
12152
11661
15233
16813
7211
2526
6623
15954
17200
13492
14508
1976
14816
272
6967
2686
1847
14374
17394
10470
5740
2377
12751
11167
11997
10017
10557
9083
9003
3628
9379
13677
10133
7275
8427
789
16050
1760
333
8222
8804
7565
15100
14122
13720
8420
2892
2221
187
2462
10370
2604
1235
219
6947
5197
13294
9855
9470
8250
11691
10522
16445
12912
836
2840
2430
2653
14110
15772
69
3289
13127
14604
8476
16554
2518
13301
2966
2600
2391
12292
13060
6337
15385
13914
15456
17689
13940
5009
6005
2616
17644
9506
11102
7127
8069
15014
8773
865
2142
1029
4966
4434
5066
2191
279
17541
16019
17741
10193
17131
7028
4907
5773
1915
6109
16433
8122
7246
14009
13969
13057
5325
12
9372
10176
16684
1844
5722
15216
10834
11614
14919
12174
14529
3529
10956
13439
1279
322
11801
6116
9514
9423
4070
9824
12814
17253
5748
7078
11353
31
9917
11141
17067
12492
11966
11709
6653
9841
7715
7062
240
12411
12952
1410
1337
3725
17489
17465
14099
5653
5751
9981
4369
6574
5291
12857
12844
736
5240
3263
2978
4542
8176
7471
6730
662
9106
13132
4746
12526
14995
7132
14006
9284
11755
15341
15162
2617
2410
5423
9355
693
2732
17031
12451
5267
9781
12161
2713
1975
16391
5169
17198
90
14497
305
9050
10452
2297
16818
12761
17370
9365
9049
16431
3272
14562
10169
15521
12349
7613
13657
3887
5246
14632
13714
13545
10033
5156
17073
2860
11465
2399
13254
1824
15167
13282
4432
9724
15012
4603
7833
11006
1185
3182
6307
545
1920
5078
14217
12600
9779
5117
16657
12281
6559
13821
2500
10916
4666
14334
11610
15991
3229
14175
9950
846
6013
1890
1564
5955
4808
17299
12759
7474
7410
7160
17106
2390
12914
12150
10475
6456
11719
8379
1056
6750
8446
5761
4341
11288
9661
10305
12913
12925
16318
17495
4758
27
14921
1476
8258
12167
5997
9596
12802
16399
3217
3314
6021
4076
5397
12154
5039
16727
11863
11147
9468
5476
6686
17273
11280
9199
5565
5012
14893
8161
12378
16350
17353
7152
4088
15551
13100
15452
11243
17746
15554
17401
13198
13042
12199
13031
5465
16988
611
734
17649
5172
17311
9698
16401
13890
3905
1112
5908
9197
7433
8737
14991
5630
10718
1862
10399
14617
8930
9371
5818
4153
16655
4908
5374
14680
8437
10263
13773
4739
5531
15276
14564
5887
391
12563
10758
7612
13907
11757
10565
13631
16941
14306
6178
16833
2113
1679
7217
12395
5076
7746
16534
1807
11824
7921
1483
10704
8965
9674
1361
9740
10092
9010
2608
92
13525
9962
2893
897
7907
7661
15706
13082
1189
6264
11037
15218
6781
3734
6205
3451
1048
17154
6584
9024
17127
12653
52
5523
762
3296
14479
1864
16028
8124
4895
13287
5976
6286
15472
11497
5626
3279
16682
8646
6888
2888
12851
7962
247
129
7759
9905
16649
12961
2697
9573
3607
8399
7018
8473
1826
12657
9291
3671
6662
15436
12746
15666
16549
6143
6585
17082
1032
17071
8159
7074
10454
9844
6002
17204
8214
2452
4701
10771
8909
2446
1548
15992
6114
15151
3035
5243
1156
13351
4415
182
299
4274
4138
5941
12777
5086
13986
652
4759
10946
7644
11782
13350
7194
4917
6964
9487
133
12345
2753
8964
14914
13423
2454
1172
346
16697
10437
2569
6946
2902
5230
580
2829
14159
1266
7406
12063
6993
5262
2714
12755
3298
14666
2890
9131
17510
7504
6111
16648
14611
9160
17059
4856
9191
17132
3606
14532
5018
11633
15680
15459
10128
3166
5177
634
2752
11874
6490
12610
11604
7077
3216
10241
544
11071
11924
16048
5398
13245
7314
2756
15253
17445
15088
1953
9544
3113
3830
5069
7452
971
15787
9035
17411
677
16992
16290
8840
907
8921
17744
5848
10353
12753
604
14521
13052
8186
13027
15504
444
150
12410
3332
13315
13387
5827
7155
12743
15497
8170
3423
4457
14361
8517
8052
7022
12183
17402
11211
2436
4382
6080
9764
12116
6996
6065
7718
1355
7652
14561
8606
4533
13587
1457
4913
13953
16371
15021
17736
13434
16286
8058
4835
1658
12242
7727
3087
7986
4451
15161
9542
12719
4094
7382
15204
14772
5610
2603
5903
6247
11238
11485
1741
16417
7250
896
2056
4903
17026
7254
15834
11669
6992
9812
4275
6179
3058
202
16858
6459
11432
114
7655
9884
17534
8766
5891
13411
7692
2931
6816
6939
1165
245
1124
8487
641
3493
12861
12863
13567
14788
14630
13632
7271
15499
4260
10850
12034
5787
12293
8693
10341
12019
788
5337
17457
15853
12641
8235
16520
16136
11340
5901
11888
14883
7096
13500
10113
17538
4919
15696
15359
14973
198
6759
5672
13370
11453
8955
13789
1756
1571
2645
8724
15357
15868
17382
9101
1203
5599
14022
13293
12426
6667
2647
6285
9714
174
11736
6961
12950
13518
2930
6062
16255
2339
13738
3885
12133
5819
16057
16042
3361
14396
12766
17192
5410
15246
16828
9914
6430
6083
2859
2065
1854
9887
5060
5459
15646
15234
9027
2677
8706
779
5196
1138
7154
7321
1119
17313
5163
5094
14605
2809
2967
13656
12041
11450
16359
15033
3006
11659
55
6668
17476
2089
11816
15841
13359
16667
9978
321
11572
7775
12128
5134
11582
459
14766
7092
6210
6522
9428
13280
11054
4438
16718
15690
8195
70
15678
5856
12574
15514
5648
1110
12229
306
11196
123
6881
3944
13891
14035
15745
17068
2590
17286
3862
15398
8167
2425
16374
2136
10132
1690
2631
17706
9251
3877
1642
15832
9494
7059
5098
12134
16384
9431
4814
12756
12184
15879
2098
9401
12670
12264
14339
5942
9165
10161
10680
5850
2765
4
9634
16120
10436
14552
10951
3126
16717
266
4499
169
17592
2270
15981
6571
17600
11727
2813
13234
4360
2875
15353
13426
7392
9396
7724
614
4268
5504
17661
4951
15018
2688
10304
13854
530
7399
16164
2328
4096
586
14280
6197
7213
9339
14184
15348
4391
4768
10396
11058
1437
11285
278
4313
1641
11499
4370
11701
10766
10755
10373
3372
11526
11609
3438
13611
8904
13416
12296
15066
5991
9920
9362
8963
10830
8911
4848
3893
2639
10360
14987
16205
9539
4012
13730
14702
164
11106
15185
8976
8775
5873
11712
6842
3234
3738
12274
11428
6223
1062
17030
6446
11076
16956
14227
15735
660
5497
8559
1771
7662
2937
8409
436
10691
11300
1352
1957
14203
17768
5494
16366
6657
5935
11388
3973
3060
12601
14018
14820
16748
2749
10420
15630
10782
16233
17423
5527
6496
8336
7680
15583
9983
12596
16556
6973
2517
8884
7900
1012
13090
1254
2368
9257
6632
16406
17412
2302
16138
17051
17522
10748
2169
8129
10275
1604
6266
15165
17688
1846
10550
9055
11201
2464
11985
2613
3586
12105
7532
2904
8985
8215
12533
14866
2970
4449
14843
10943
15962
1736
13257
11072
2933
7241
4552
13284
4654
5973
17640
8807
8893
11823
11979
3870
3351
2982
1421
1013
14088
2166
6764
809
4463
8809
12781
5236
13061
2253
7377
2429
10869
16888
1018
7137
13440
12900
12911
11187
2322
1646
17713
16360
14023
5805
6452
1257
450
1095
9269
1622
16824
6884
15440
4429
13261
13972
962
16378
1843
2748
16320
3627
6066
6466
9885
16771
10515
4790
10283
2692
11626
11760
293
754
16503
16860
7993
17440
16285
2776
5353
14514
4600
3665
12840
1898
5123
4267
14784
3350
6275
13634
11246
15618
3227
4358
10493
2945
16126
2423
17339
1123
8085
7279
2216
5505
9560
7512
17587
13176
6810
5925
6878
16045
4983
12669
815
5481
10709
2536
371
858
9778
3520
9420
12824
5692
16191
14720
12847
7283
2755
15319
7750
16029
9849
14770
11200
7494
17002
16997
11337
15977
1398
1278
1393
14459
2707
1674
8264
11546
9305
15842
6063
7725
15648
6364
3727
10589
12923
7304
469
3265
8612
9911
12121
5574
13251
2028
8830
17521
16152
860
3681
7379
1072
354
13300
7350
10644
6330
15414
8726
11710
2922
15046
14937
16065
5261
11491
7922
10467
4193
16222
8749
1472
3360
5089
10778
16626
9071
4560
17065
16814
1308
12536
1017
9277
10230
14247
12488
11853
2764
16979
5623
8971
8570
7694
16645
16090
10860
9835
14584
16398
10460
11706
10488
16064
4189
12004
195
3057
8552
8783
13944
8781
14744
17561
2105
2912
16165
8641
4979
14591
7472
689
5911
9747
10979
10596
11548
14017
7388
8091
4288
7117
8200
3366
16452
12871
12162
620
15605
12260
11363
8892
15016
1927
3776
14494
11654
5617
10226
15657
7916
6525
14667
8671
8350
8903
6822
16245
547
2671
2042
11849
11487
5562
5781
15519
14951
11490
6690
7258
16523
15852
5892
2587
15848
14127
11897
14734
7172
14999
1342
14592
6059
8385
8133
9875
14500
8149
4580
2154
9157
3750
4787
13417
15470
6370
300
12361
10993
12178
15782
11115
2242
7695
3395
10972
12407
14455
11414
14557
11527
8356
15723
10158
560
5944
2908
12675
4089
4143
17593
17041
9303
2909
14636
5800
15856
14389
16711
3260
12002
8651
6704
17634
7906
12873
11217
6416
13371
11730
7540
6304
15611
15263
17319
4874
4473
13804
9409
11125
14284
115
3331
16981
2525
15164
16322
3613
6404
1163
12603
2408
12067
17608
9380
9202
726
16174
130
11116
7995
12682
6871
13085
928
14978
595
11026
2039
7145
13582
3198
2158
1986
9125
16774
6294
1645
7073
8386
13074
10239
9449
11827
2040
727
15278
3576
17647
3696
11373
5676
7169
601
5829
16849
9290
3401
163
4478
16769
3961
14791
9382
16345
6099
15426
13530
11043
7048
6720
3755
3179
13963
8132
442
14150
1139
1169
9603
13004
3572
11601
13897
37
10484
14524
737
5882
1466
4507
10664
1523
16896
14214
15222
13010
14776
13796
12117
5801
4330
12431
10310
7230
1777
15886
7682
6043
8212
15114
1554
15065
691
13689
9543
7509
15332
16706
9228
15821
7505
813
16840
776
17222
7755
7009
8941
1792
14774
7284
8191
14458
6649
11820
9776
6830
2644
7741
4120
3976
14519
17410
10737
15149
8461
14765
13967
15209
11998
14332
10663
7786
15373
99
13979
12954
9859
2467
15797
11946
11939
7468
13675
6105
7928
17179
7810
6182
11407
10504
9521
15818
11275
12717
7605
4633
10505
16902
5073
10794
7771
10280
4672
6255
564
3335
10346
17010
5664
2155
2593
2102
5268
1302
3522
12720
17702
10229
8297
17022
5046
12772
13919
10272
15683
591
9649
468
11483
6991
12605
820
6302
11194
11520
3321
6854
16989
10173
9510
12984
9416
14368
6568
1521
6774
1418
1346
1416
5646
5837
10061
4318
12783
1613
6461
5127
7055
9218
8844
1480
13710
3605
1966
3219
10989
922
3207
15194
3450
15135
7582
4554
2477
3010
13138
9948
13044
16449
5553
11244
16737
1932
10187
13683
9313
5471
287
4905
1695
5620
17158
6534
1578
16032
39
10021
15575
6267
11624
9589
16877
15069
16173
2553
6882
14610
1283
7897
3339
14011
1083
14031
13695
9013
3805
17765
10334
8725
1338
261
4129
5823
13990
9711
5296
28
6930
12164
14288
7511
12542
16531
9078
17123
14327
13034
16625
15922
15705
7641
313
6398
2689
13661
11716
11055
9096
5068
15287
6027
9850
4688
2291
11649
11139
681
11720
10927
17312
16842
6140
872
10902
16101
5175
12061
10041
10968
16490
4105
7266
7493
3120
1939
377
6752
4477
17422
5759
13065
13014
203
7469
3972
13690
12232
1640
15126
16599
15366
8412
16412
13340
7292
13797
5799
2366
2929
15902
7875
16098
565
14125
13627
6192
8515
14558
15523
9321
894
13453
15854
13480
9482
855
13407
13868
11038
7177
13840
6771
5730
11911
2965
5766
10580
2114
15702
10261
6012
9237
11297
1433
15125
17621
16616
6346
11692
7699
7446
6913
13722
2352
11213
14671
11774
11295
12507
6483
16897
16677
12341
17096
6056
15892
9214
3034
8326
13554
13324
375
3511
400
3011
2754
7514
315
16105
862
10886
11986
16146
14336
5365
730
2719
1387
14698
12432
11707
11380
1937
15049
14756
12631
7429
12648
2123
2562
16429
12713
8709
1332
17701
4755
2296
882
7190
7959
11693
6366
10171
14823
3925
6984
14266
10164
13629
12266
9535
14778
12339
10988
2238
15865
1827
12557
7553
5311
2016
9607
9896
8304
5222
1193
11884
7210
4561
9178
8293
1835
417
10249
10427
9318
9611
5414
9820
5780
8056
12280
4685
12564
16
1745
694
12157
15675
14721
13785
13858
5235
11016
16311
3874
6479
6547
10342
9641
4312
14935
12449
14939
9955
6089
12100
17670
16194
3588
15866
10677
16003
17767
9843
5536
2122
12544
14244
2504
16762
8499
17202
269
16213
10549
16916
10949
2362
4511
6669
9235
658
5580
1038
15739
17214
10016
13806
17615
17414
148
9556
7667
3575
13674
425
15974
15979
3773
11210
4852
1007
17390
7752
13109
13988
3183
9012
2020
1984
16516
8757
6159
8710
8699
17080
181
12101
13650
9406
13688
3075
16137
6242
16930
3545
6498
17654
8223
14321
13476
15492
4548
1155
16787
15102
2990
10698
8372
5303
11309
8719
9595
11221
11751
14451
10269
17393
455
12636
2245
11253
12360
1082
11697
116
4177
16096
5673
8939
17166
767
1580
11260
12125
4713
5377
14769
17325
9117
16380
11133
11104
17240
5711
5421
884
12005
14938
2455
8324
14255
14911
5774
11333
17295
8469
5323
14024
9530
8946
16572
7790
1734
4048
14515
1216
10913
10458
3273
15682
13256
3080
17743
10687
440
5341
17516
9944
3053
11905
3196
1637
3552
2119
11913
1993
17527
9238
589
6807
15604
6944
570
14793
16377
1610
5202
11898
1746
12321
12301
5247
14549
6401
10666
13259
6053
1382
7387
7945
5199
7128
935
17046
15712
10312
2865
15967
4001
15391
5294
15750
14817
12320
189
7110
10686
16569
1702
527
15291
15686
17639
2805
17357
8043
12548
1596
4651
4406
9513
4847
2230
7974
11612
1057
3221
7310
1096
10358
3756
1384
12699
616
7865
13782
5393
2465
11092
2083
1374
13939
12114
1568
11090
9892
6245
5455
16230
13835
3937
10209
6874
559
3428
16229
5627
14193
17345
10324
6309
16022
917
11664
5232
4075
4842
7054
10899
2956
763
4607
7478
11057
7460
15132
3582
4077
2305
16347
7157
10198
7407
4925
17276
7116
9643
5100
243
12078
11405
4733
8868
12261
7336
14275
14080
5655
4634
5014
1006
5581
3764
6514
17363
12375
1989
2511
1222
7977
1694
111
15811
7988
5947
17459
14325
5088
12622
17265
5369
624
368
11015
4345
9989
15558
5209
6969
17500
17463
5611
2567
7330
4443
1439
8735
3787
15340
16720
10721
4564
13705
4111
15513
7947
6384
9341
12307
8087
887
14198
10872
17481
3354
15894
16535
13945
2225
14423
5248
16379
6485
2679
14867
14142
4128
17346
10990
4389
16456
4728
1759
4146
16063
9954
9070
6344
14260
2258
2279
12040
2607
10594
6861
9744
5634
16086
15174
13144
16763
7781
13161
9171
9432
4744
4223
10330
8543
8299
12810
9425
8380
17182
9890
14586
8237
4072
12126
10352
3033
18
14947
10837
10533
1486
4309
10903
4986
9831
17103
10053
6945
8062
9433
15425
3211
7489
9996
13497
4387
2712
9956
14560
9461
5549
6562
14137
5551
7883
13427
2049
1271
1608
2741
16438
11109
2088
15830
6405
15824
15210
5217
13079
11594
6661
4248
13103
5306
13576
9271
1838
15562
6828
6741
14269
4559
15157
13292
8813
5839
11296
17573
13001
3172
13467
1512
17720
9447
13535
7815
8595
17505
1629
2703
17683
6068
12750
15446
12562
4987
6711
2759
3364
2059
916
481
9805
10974
6631
15510
7919
9388
807
59
1588
12928
7559
2228
8865
6376
11093
4699
3242
7118
12441
592
2897
4743
2917
1784
6389
3104
6736
13547
1265
9309
9258
11729
6870
6071
16581
16110
10511
5440
8107
11955
7204
583
2373
7642
1379
14120
17705
14082
5940
9614
4663
10237
11956
16154
15936
5281
10005
1804
9285
14403
12733
1863
9533
384
10538
13317
15749
15655
15959
8265
2397
7268
13564
7222
1747
12195
6180
5495
4550
12858
15219
17567
5050
11699
10844
14436
1840
15220
14902
15966
4080
3341
7971
10307
3147
8097
5083
3699
12051
1720
14803
8854
3794
11059
13228
5416
14626
13693
1444
13879
6090
7994
8518
3757
10024
17590
11713
13002
4727
5179
2394
15715
120
17612
16178
15091
6079
811
23
13267
7257
13745
17734
17211
14829
5662
8567
14885
2578
2628
11958
462
16705
17306
12805
12219
12430
10888
4777
5190
14425
16023
13679
14358
12325
2985
3790
6837
12350
9619
10876
8993
15273
5613
6158
4664
7658
14166
4454
10958
488
810
5989
4861
7428
14117
12822
668
4617
11284
2882
17468
1708
17113
12288
11312
1465
14918
14432
16509
7384
16477
2584
2160
3489
5355
15928
7215
15279
8973
7114
4513
8449
13255
14695
15806
16559
1952
13498
2195
6787
11461
15815
12668
12566
8607
2877
671
13981
4315
15647
745
4192
9958
15347
12380
7188
12937
15867
3471
16756
9026
4372
4969
2165
16498
7849
13486
10597
12500
7909
8203
2385
13372
7867
7100
12251
7372
13663
8623
14467
16221
2010
7590
3249
9571
2057
12552
9247
5254
6654
640
548
6499
9755
16994
4367
4226
8615
16441
9210
4442
7507
495
4859
6556
5539
15453
11525
15716
232
9107
328
14895
12480
5654
10122
47
4894
5339
16372
1464
7808
8414
1447
15920
9985
6073
8563
12231
15275
10821
2763
1818
11326
8342
1716
5596
17437
11205
765
16669
4032
2971
11237
1959
1005
2953
1211
17673
16908
7035
3443
15289
6187
13124
7607
11431
1983
3303
4882
5071
10500
11056
5862
1054
15676
12620
11711
13538
12821
9048
8224
1519
6502
4785
7461
7438
3707
14627
3076
2418
17514
4396
385
5541
6383
17656
16423
4620
12263
14160
11651
8501
14224
5640
2740
9650
7479
15228
16566
4843
7043
12703
1037
13125
6541
13759
15983
2497
14114
10036
15540
3619
9882
784
6249
1914
13159
6742
132
9020
14033
15281
6486
14971
5186
4475
286
125
1345
8093
17232
7639
12754
17754
8084
942
15788
13812
9986
12496
8599
7182
8002
9429
13499
17386
7530
5474
1334
15258
16113
3131
3330
13504
15911
14182
3847
15345
16217
12334
3441
6628
1713
5192
11770
10622
6612
14685
15689
6982
10879
8138
13265
11510
8924
4668
15730
14109
12581
3772
8743
10961
5956
7338
6212
14119
325
13173
4437
12643
3309
3796
12262
12222
12362
9143
17441
6451
3540
15893
7603
16238
6999
6887
4430
5493
12917
11750
1367
12738
15315
8938
11731
13249
1230
13428
17069
14225
9929
15119
13949
17729
13046
4700
5447
5052
14139
11315
16724
11723
14740
282
11029
17231
11509
5108
10347
1330
5334
6978
8944
16797
14735
16885
15296
8286
8902
13168
9353
16216
14692
17364
17464
4773
14133
16510
12225
7087
1301
17195
4452
17512
5872
16647
14003
7742
7435
6798
3881
6221
9789
9570
3206
11193
490
3363
9927
9825
12236
8080
1108
7765
2919
4393
10278
16040
14741
11155
4911
6733
13025
10507
9663
319
17007
6373
8780
9032
15861
151
17570
2215
4027
1192
4518
10267
7542
11063
6297
892
1
12663
7331
12655
17275
9658
9704
4408
2044
9168
10002
10935
9219
13214
2014
2854
6154
12737
659
11680
17226
1428
15417
8875
11277
8205
258
12884
1304
5477
16462
13005
2387
15593
7736
4431
6558
14216
8251
3632
2307
8739
2913
1515
8972
8959
6150
4805
12029
15833
7874
8301
15933
12903
5929
6300
889
9865
13153
14651
3176
5645
8289
1663
3679
5121
7978
6134
3453
15774
812
724
11411
15259
9969
13080
13889
5154
12170
7417
8672
8997
12355
50
12367
10480
1903
7949
11666
6458
10210
3247
9065
16291
959
8966
3138
1488
3398
6766
5577
10325
16085
15813
16405
9511
1015
8255
9261
16242
8540
6097
16081
3
13218
218
5319
678
12993
3365
6745
13734
1949
12023
13038
17009
14102
15613
11906
14491
14197
2438
5704
12662
10328
15917
9150
8785
13106
8480
17484
14648
3224
16597
13131
14249
13912
3297
11192
888
7687
13250
5330
4006
10070
5195
14192
10107
17462
16432
13275
2414
13160
13487
15432
14936
8354
5489
13268
1495
6103
10126
8908
14982
2668
13253
7701
15301
14342
5695
235
13992
13
4641
8593
13681
206
8238
4718
68
3223
16334
3326
3802
10039
4392
17589
16663
17074
17088
12042
11385
16929
11595
16251
43
11235
14887
10065
404
12673
2179
6761
12974
5896
2295
15711
14111
8690
6691
3694
2885
17320
13860
10773
2745
7677
6072
2667
913
16561
17562
10991
13702
12651
3631
12008
10288
14609
5563
4476
342
14878
8631
6278
13039
5937
6480
16515
10573
14072
16639
11508
2648
14194
6262
15429
9823
13916
9009
16491
14733
11607
8732
9120
5185
13985
9287
4133
8596
6751
2240
6627
4205
16758
16530
14871
12017
13739
17733
11708
6809
13895
1765
15479
12892
4611
3670
9728
1922
3765
16470
15195
2006
1386
358
17124
16673
6094
1132
16754
3951
6566
17569
4867
6687
5851
13523
11434
11976
13904
4348
3448
12676
920
636
13377
13647
351
6601
14349
2229
13930
265
312
13802
12697
891
13533
15137
9988
13246
380
1908
2643
17553
7070
5622
5038
14904
8470
14573
12727
1527
1883
1524
17018
8996
9381
8511
3276
8125
4696
4594
11515
930
16770
12401
10446
17181
17753
5552
4853
3768
13306
5938
9787
4933
8835
7992
10783
5140
10854
5582
831
15306
6693
1990
5605
14979
12782
16601
10607
14343
5498
16794
871
9471
9456
12434
13664
17194
14383
4420
217
6544
16074
11542
17384
10062
6815
11890
9700
12297
4270
17564
17496
16752
16595
15785
16053
10319
11917
6411
5713
15726
9453
10287
6551
9895
10909
10798
5391
1712
16592
6319
6911
10808
200
2808
7885
4516
1250
6862
5983
13163
4008
13470
5847
7328
16636
7845
13298
14670
17498
1240
13402
6561
381
12338
5838
17502
13619
4137
15570
11096
5717
1450
12050
16577
5807
4667
1445
9548
11558
14242
7961
2134
2833
910
17680
5289
9061
3115
8843
16030
4653
9414
2652
6696
1176
4411
10548
134
285
9670
10568
13934
14487
5442
16296
17054
10751
14674
8708
11637
5953
15996
10509
4698
17050
7649
9668
15226
1401
2871
16659
4930
9806
3866
2924
15536
14900
3786
10152
5960
13810
10693
10189
2537
9328
1786
2036
4675
5625
6095
2461
5171
13019
16656
1940
4999
10861
8863
13222
14964
12869
12656
1775
10843
1344
1805
6899
8055
4837
5525
5047
17624
1808
16621
9689
13431
13068
13331
12461
15755
3007
15421
627
3310
13495
11376
5986
8302
6907
477
15619
7466
8136
16793
330
314
3748
3009
1042
13105
5597
17167
12706
902
11608
16532
5116
6673
12092
6728
11005
11860
390
14233
8689
15984
12511
3828
15288
5771
2670
8020
8947
3566
17329
1992
6834
8984
2315
14554
13539
10338
8292
7946
4034
16778
6122
1125
11818
7196
9877
2032
17323
3700
9113
4190
8806
6901
7990
13541
11478
10722
650
4622
16218
7171
1848
10608
1561
16972
12139
15662
7223
3089
15206
4340
10392
484
4873
16617
9310
4219
822
3150
17710
16624
3024
8134
7653
16109
7762
3684
13779
7610
4868
2981
1913
8918
12980
10575
623
6756
15248
16475
2609
16526
12972
15919
14664
17675
7442
4182
15999
8364
7013
3740
11947
1270
16518
994
11904
7801
3825
15971
5279
518
8073
5350
6201
1438
3269
8847
14413
16254
13015
12707
13966
12405
1315
4161
16931
12111
15993
16852
9599
7269
5880
12009
17314
4764
15090
9677
6196
406
2757
13874
10713
394
2074
11375
13139
12243
2450
11791
7303
2265
16453
4159
4302
16791
6004
697
13341
7063
15641
3258
10569
10529
6191
3615
13723
17568
13699
12560
908
8502
11847
3519
14719
11408
722
8740
11554
9089
17563
13081
1619
1276
15799
2054
4662
2746
672
10349
8127
14998
17731
9243
8978
7040
4506
5253
7869
10702
8926
10083
11599
471
7133
15430
8788
2533
3791
3709
6057
12889
15244
3228
11941
12436
7853
14862
4065
8243
6995
11358
3477
7663
13817
12290
14378
16653
6624
17212
1411
9146
9683
10646
17718
9357
9549
8038
11658
8832
15961
14049
2624
3455
13509
12495
5557
14291
8942
7515
6009
6331
4948
17745
14572
9135
9758
17530
12818
8500
387
8311
7454
14555
1069
10583
498
10706
1090
4103
16304
6127
14290
3731
12698
2814
2100
12909
6697
6489
1541
967
12130
16466
7199
2935
13108
17294
14056
11921
6206
17625
2262
7389
5336
5924
7690
17267
14915
15184
8486
9264
9051
433
12764
1146
89
3884
7316
16305
13659
10625
5405
13058
2831
7910
6193
893
6609
17728
12011
4681
9741
13574
13485
1362
16392
3852
15407
3063
7740
16151
10071
408
14153
9830
7841
4417
10760
979
5984
14845
5530
1581
10950
10336
17452
1232
4445
17714
14124
15544
10800
12081
12062
3388
16261
17338
4229
13600
13367
11039
4566
10027
879
14397
11018
8435
9562
17739
10120
8510
16149
11948
5314
10640
11279
4222
6323
3119
17684
2471
5772
17604
10091
13184
7034
3047
10784
13303
6794
15120
15260
14146
2822
5852
9149
6170
4346
11683
4889
8488
2650
9193
7684
8834
179
15462
3528
5755
17717
1794
7086
22
12551
11107
12013
9062
11588
506
5619
10321
10282
633
6621
3547
12135
2076
13295
6085
5528
1129
10491
10222
11452
15338
3651
12335
11349
4199
4204
1294
15532
14059
8823
17478
10954
9765
7523
13095
5886
15240
10419
7548
4164
2722
4482
10527
7716
1064
6394
14484
7293
112
5329
15463
12798
1537
667
7970
11228
12336
11097
4087
12226
7594
15079
136
15951
966
15825
11714
15634
4156
17258
13877
13230
13607
16635
1667
10543
3417
12103
16691
13188
12556
8030
17430
7497
13137
16225
1868
14020
12827
13719
3005
2818
11113
4394
10266
3657
17343
16504
15580
13220
6132
1576
1820
7799
1812
6941
4335
6505
11214
11089
6586
4118
6
2788
15471
14827
939
1628
4656
17627
3781
6754
11575
16898
6209
7996
7929
8361
1566
14372
2964
6921
6018
7101
1730
14595
9732
6476
14953
14067
5576
17409
4502
1742
1045
16500
9188
5828
1790
3713
6840
17458
5811
2306
7056
11576
1655
3947
5663
11220
13055
5158
4627
492
8143
1549
10999
12619
17003
10547
2501
16310
4990
17303
9443
1654
10006
10143
9517
10139
8579
16952
6086
5652
6808
6613
7838
7638
514
60
16725
834
1774
13152
1497
3486
6600
10051
14076
16306
6183
649
7926
11336
17213
16014
15485
11910
5001
14381
9964
8003
15058
7911
14930
11172
1391
6084
5425
4218
15509
8917
3037
12894
113
9403
12801
12642
3558
2192
15574
13506
8801
12080
10345
16368
1272
10964
2053
2903
1328
5876
5456
16829
14588
10643
6998
6082
6355
441
6491
2246
5920
110
11397
12203
8456
15108
10635
3393
16169
8377
276
3383
6539
11600
12686
17227
13078
2206
11034
11265
4872
10939
10285
17381
12621
2104
6400
168
5256
8192
7381
7029
2579
17148
13413
5016
1885
9627
7965
2103
8236
3829
11543
12064
938
5971
10042
352
17467
989
3125
11584
15300
2787
4555
15691
15807
14600
1423
15534
11578
17387
15422
13148
11118
10425
8919
16153
3238
8695
2156
5739
2717
12309
4831
6909
17725
10648
8533
3949
7214
10601
13885
12734
13557
7933
2810
5005
4500
15115
7251
15025
6354
17280
12014
10376
10098
5592
14705
13678
17043
2458
14253
15284
11060
2180
12852
16875
15152
14221
14391
16111
10451
10898
15405
2369
15609
4231
13640
17335
16324
13053
2147
15474
3913
12083
10564
15804
15311
16672
11303
12212
6651
3911
9906
17006
14652
8562
16947
12886
9688
7744
2405
3724
2468
3404
1335
3858
3478
12268
4795
17611
12987
14488
11065
10256
9880
4256
1791
2523
14323
16268
8746
16387
11218
1481
10673
17374
12650
14858
3640
4329
13199
16483
16904
5650
8010
12543
15442
11111
15331
1701
2815
8454
5340
4704
15480
12457
2078
12838
8060
6454
16936
438
7541
7011
4227
15050
13732
11933
16593
11852
17674
505
9114
15124
11404
14322
15420
17533
1869
11787
16521
11734
2733
13743
4208
9319
11743
10694
10842
13332
15086
7754
3618
13133
16924
748
3979
16846
3111
2796
6532
12829
11783
11949
17436
2251
8459
14316
6852
1732
1636
2445
642
14540
3462
13076
2938
14218
2472
866
6763
1098
7693
10761
10896
5547
5488
2037
12250
1543
2031
2146
10792
13172
14235
6542
12527
1822
15955
11292
2080
5561
1298
1780
6357
5775
13599
17653
3023
11790
17473
6747
5936
13816
10959
10536
12270
2817
15103
9317
9457
14745
15305
12054
1761
5555
17060
6325
2101
6149
15122
10227
10976
2889
6971
15720
17432
10078
15632
3188
10368
4350
17623
5368
6431
1148
17256
3465
3291
11108
10474
3687
6589
14574
2178
13735
1572
4989
16243
15970
1801
10856
11964
13471
1904
9170
17162
3689
9474
17085
6593
7374
8655
17403
2737
11021
4677
2233
2371
17690
8209
4384
17596
6866
9367
3788
10520
8327
10154
17109
9968
14313
16103
7611
5783
5894
6336
96
7950
14276
8512
7189
709
309
17174
5204
4528
370
2439
3762
5277
2188
15457
10984
9897
14341
5879
15239
1366
7696
4210
5147
17091
11996
1681
9196
14113
10617
10496
9077
2602
2316
15191
9075
3945
7131
1899
14599
12763
1268
6465
3031
12122
3860
7880
8814
11061
14771
10944
3252
7277
4924
12171
13761
13197
647
556
16696
15673
11471
10100
11156
3327
17477
17662
17528
941
2013
17215
14989
3319
17135
14359
4051
2983
5858
12799
12793
14379
15483
14603
4458
9671
13118
10011
4618
5954
8034
6334
753
4215
948
4130
10799
7036
7326
8763
17188
6715
1567
1506
2507
4636
20
16092
15669
2660
8574
8189
9448
13011
582
12392
15851
5176
4134
7870
15905
17297
528
15172
16585
1936
15230
3452
6684
13183
12721
664
6038
9690
11374
10232
11868
16596
10795
6959
14566
9347
13072
6560
1762
15389
1773
15314
14569
3061
16201
6074
9583
15722
9156
2615
7270
21
983
1067
2489
10316
12830
17044
16796
3692
12155
4241
16608
6318
14034
13713
14098
7263
14199
5118
17740
11162
12208
4484
3325
183
8818
13595
8028
2111
1699
4464
14346
4517
1081
9921
6228
10236
4659
10028
4242
15409
4246
12820
759
12473
6817
9148
9016
12773
1726
11817
11022
1553
5604
11885
15506
13374
8344
1499
3835
10845
9766
10439
15272
3716
5680
8464
1967
461
12066
15789
12310
16751
5249
17150
16591
12538
17769
8548
79
3691
11351
8841
12788
1432
4225
14806
15493
16710
3025
14642
12907
10179
13279
13520
16099
17300
11767
14317
1454
5309
7691
8116
16341
17248
5085
6351
8228
8234
16589
7588
3754
4890
15759
10262
12347
2332
9918
12898
361
8432
3882
17326
6061
15141
8172
1060
9933
12088
6433
3906
16637
15638
2701
7125
10775
17341
11080
1725
14504
10523
15022
17764
11359
5559
12239
17747
413
13114
4510
13823
10672
12685
9833
16985
249
10870
3702
12632
15727
3244
5975
13973
8755
12340
3798
4883
17523
15718
4996
7964
5213
11463
74
5056
10912
2093
15603
353
8707
5861
7234
15728
13009
3861
13558
2557
5245
11540
2743
14277
13715
16946
5542
14874
15473
11027
6893
3585
1795
6096
7186
5587
1836
3726
2071
2848
6790
10221
16937
16271
9842
4723
14576
1764
6233
2287
16460
3116
4765
13832
2460
4373
9015
2690
9366
9279
9011
9795
5433
5105
13686
15201
16640
15266
15041
7567
13692
13542
841
9112
12520
8335
13749
17358
11589
16783
4646
13196
8366
11639
4281
3202
6825
7265
7482
1618
15349
2960
7981
787
16104
15798
1299
3646
3241
14780
10711
4778
9620
17034
16588
17691
7423
15318
3774
2432
4815
10007
7688
12634
16484
6735
17175
10825
16420
13927
8545
6352
9767
8577
14582
14644
14409
11360
12723
15805
876
4782
12068
2294
17180
2000
10732
16744
14204
2942
11398
15714
10290
8394
14675
12594
8008
11153
5658
1273
9734
5184
14078
13872
8610
4605
16244
12318
12684
6418
13177
10020
15958
12633
14447
3960
15844
6438
4397
12771
1157
1043
4365
6292
6829
16618
15361
14967
13867
10401
5846
13775
10326
13551
10157
7184
2097
9205
8954
9508
2669
1103
16583
3473
9080
8256
8063
8516
460
13247
2190
1910
11329
6853
310
1413
17250
13362
3915
10364
13560
7561
993
11663
1153
4922
11932
10432
5898
15327
2005
15776
16464
10604
14597
1359
3444
2431
16632
1964
216
17427
5364
7891
9693
6783
1948
9283
4494
14654
16425
17703
15816
7299
12865
13084
16843
2529
6922
5726
2773
12845
11406
3523
14724
4399
9255
10971
5842
9800
7262
2002
14132
11488
4942
11232
1536
11419
9267
3497
11412
7483
11741
11724
17594
16266
690
16973
9531
1190
10801
4965
13636
15169
2247
9716
14310
17610
1010
12571
4278
2163
7893
8004
5965
431
1177
7197
8031
2994
11944
3875
8541
5096
16553
5135
17474
1022
15004
6936
11501
7305
6641
817
13088
14257
17287
1066
17233
2380
6780
11746
7273
11837
13513
10932
5101
1609
9266
16747
15043
15826
15847
9730
873
2575
262
13565
6391
12732
7614
373
15320
13987
15529
625
11484
13472
16342
16015
14894
9751
3397
13456
7794
16881
3621
12326
10363
16410
16325
16025
10273
14285
5589
6164
14094
12207
6371
10481
6020
5813
14315
14634
2782
11804
4851
9151
14946
6029
11204
2223
11620
7991
12700
16848
17351
16834
5907
4202
8347
11726
14535
9124
7686
5760
12456
138
1584
6184
6058
3792
1917
6025
17293
14115
11033
2288
16895
4714
4074
5357
12377
14583
3049
12330
6169
11967
17066
9580
8
7072
17429
9605
2729
4019
11796
11313
11165
10225
883
6100
7383
2244
1092
3704
3156
14440
2774
1195
5138
11929
3469
3407
15561
9752
12459
15293
12474
13164
5420
14279
8913
5795
17630
2478
13784
2171
10657
1224
4196
2657
5381
13097
11346
4056
14881
17648
8300
4041
6791
11271
1151
803
11797
2048
17685
1557
4300
16698
5333
224
10667
10975
7201
17637
14645
9459
2767
12774
8099
8033
6953
2880
3127
10495
15156
3710
1047
9763
8713
12539
5921
11354
1020
4623
9847
11635
8817
2986
6342
12085
7348
14243
423
15553
5949
5875
8365
6519
10754
4876
13193
10767
4997
7341
5153
5791
16315
3017
58
12991
5564
975
6737
8889
15111
3775
11688
5631
1034
931
9001
6388
13368
4505
3406
14140
3070
9563
2090
11174
4840
6368
4039
7368
14190
5080
6607
5867
567
5712
2061
669
16077
11079
1951
8044
7574
9005
8824
12941
606
275
12901
14945
6076
10001
10740
3801
14168
11189
5002
3800
8332
6940
13239
14509
9067
14411
5276
10404
953
15461
1534
15427
17583
9807
12055
8674
4767
15034
12518
8039
11758
16542
12722
15929
16160
9512
1400
11800
9922
12071
13490
15778
7634
629
15507
17721
7007
3399
8534
7414
17524
14050
13212
8859
7051
9311
15737
6826
8970
5112
242
13365
10651
13589
2921
405
4608
3496
11085
2592
5540
13320
8444
14577
6989
6075
6108
14620
14422
792
17016
13598
6317
13579
1234
13760
5417
11978
1546
513
14824
10678
15980
1598
7253
1089
12304
4005
13258
15028
9463
13216
2838
10233
9100
7731
14697
14143
8812
1167
3602
2646
12545
6067
2868
15591
8061
17190
14163
12003
5950
14185
10258
1186
16228
4024
4466
2499
8619
13221
13615
5396
12965
9386
10661
10952
13438
3760
1213
8929
15024
4132
4497
4985
11051
5348
12659
3991
16211
209
6656
4439
11255
839
11763
5411
1806
3254
8315
1196
7236
14293
1050
4978
12415
9879
6644
11044
157
6943
14673
10632
9155
16082
14548
6469
16674
1965
7079
6633
11294
10668
1594
1227
6578
13830
2999
3814
10206
15441
15792
11377
9757
852
8485
16033
6629
11299
2573
4112
12058
5435
12453
3356
6987
12102
12028
16248
6237
14416
11489
10402
729
3515
5048
8861
14344
15068
9229
4940
16287
5300
17344
10931
16326
11839
9525
4558
12718
13289
1851
8475
11629
16830
2487
16076
3946
1191
4839
12443
2406
7804
8582
1358
9860
6453
13978
4571
4906
9198
9654
10389
15040
16062
3377
16733
6200
8398
7925
16051
1296
11552
13737
6234
6252
9612
12185
13446
4179
5667
14884
2124
4630
9500
9870
11646
13771
13021
6497
10387
5111
5349
3414
2329
12587
14861
11338
341
220
16203
3103
1253
5298
4977
6685
10772
14752
15268
1783
8879
11142
6181
7373
5152
13169
9192
7244
867
2630
11894
1030
5399
5454
14157
11019
10343
5687
11648
1376
12567
364
14363
12491
16234
16689
7206
13147
752
695
4461
1933
16275
14039
2344
14809
9529
14386
5412
9947
10969
2520
1321
11622
15701
7581
14052
8421
6457
758
5764
13112
6428
14544
9451
11965
5418
8838
15698
9068
12890
14913
4375
8585
540
17077
11352
6022
10611
237
14753
16214
4395
703
5061
14400
8484
5130
2954
7161
4935
11049
8714
17678
3864
5669
16729
8866
3997
1314
1711
3782
9925
14877
7758
12273
16962
16773
1545
2323
4788
3467
17645
7935
7569
8378
7415
15734
9675
16580
14963
4828
7502
7191
8415
2087
2962
16546
5963
1469
3857
5671
17766
5492
7587
8524
5934
4239
945
10329
2662
7711
14437
2451
13382
4523
13325
13357
17155
2761
13458
7473
15982
2145
14254
11689
3564
8531
15448
7492
4488
10747
1147
11678
9903
4858
12859
12775
15297
3086
2654
1850
9212
6963
16427
14859
14000
3220
13700
14952
16887
121
10697
11702
10255
8943
15377
17560
13375
16158
15221
2079
8765
9782
2693
7237
12129
16409
10153
2267
12429
8092
4974
15547
14179
6211
9450
15624
9982
3248
13123
1104
16383
11099
10714
16348
5128
5292
14468
4017
7344
16750
14821
6800
9041
5028
8712
383
14498
964
8621
7984
13646
11042
961
6137
2263
12420
8796
6291
3317
8241
4338
15639
9161
10124
16782
7917
1942
3584
17117
1363
10774
5978
6583
2555
11538
8153
17485
16801
9008
7648
755
3490
7181
17237
6676
7839
13515
8429
77
15431
4011
4254
12286
9314
5952
16284
6293
4825
128
7130
12192
10194
15700
16722
706
3378
12864
15264
13559
6572
9364
10348
8748
14693
3114
16489
12238
8912
8609
7987
756
13158
8877
3509
4388
8704
12230
17160
13008
7618
11718
3934
5814
2072
16478
16339
5853
15466
16009
15940
618
3869
16563
11101
13099
13770
15780
10008
3655
16072
4305
1463
9127
5962
4063
794
13379
9667
16419
11516
11632
3634
14042
16668
16337
12353
9952
5904
4162
17686
6731
7193
7102
13601
8762
17157
16195
3583
131
13312
7698
17544
17501
2641
14177
5855
5075
17
17201
17635
16578
2386
11571
9132
2034
4412
6474
12565
16692
16627
16844
5143
7324
8571
14507
5388
2535
3971
5618
10147
5293
7103
7098
11694
9163
13605
6910
15237
14077
15601
1397
2531
6477
2338
15937
10655
4025
2952
8011
17164
929
12795
6113
2673
11048
8831
17324
6952
6444
1099
15645
5095
16954
2973
17716
14608
7045
1793
17111
1122
5573
12265
2800
16114
14473
7823
4483
17378
10264
2127
14994
5170
5321
14701
11899
17651
13613
6848
13244
3953
6329
6449
11128
5794
14966
17605
17664
13610
15631
15346
16803
15873
14220
2197
1347
3246
3306
2185
8702
10966
13928
3100
13847
8923
11158
2941
6890
15694
8881
8645
3998
14927
16508
17380
10705
6358
12245
13687
5741
2023
8899
8696
9340
11534
8024
4912
2926
15140
11178
10030
3666
11154
12578
15855
4150
17072
4902
4538
10618
7856
4612
446
7135
7259
15560
15751
12688
7459
141
13642
6162
10063
16560
15399
7295
714
17110
11822
2376
3561
7842
11082
12977
16167
5832
16226
10064
16891
8795
254
13307
685
6652
10366
17735
3678
2789
14656
7792
9538
2112
10893
17176
14775
1853
9418
13281
12967
8490
15180
5749
15548
16264
16983
11430
17483
9745
7749
2448
13107
11506
9976
3185
2597
7517
14202
4123
93
8279
8187
9712
5719
62
10094
4026
16479
3600
926
11725
6441
7734
8742
10892
17101
16641
9604
7676
2420
281
898
12895
14813
14704
3813
1934
15094
16066
9316
11004
8270
7288
14330
4314
16513
17376
14929
11357
12446
1675
15277
6363
7443
8276
9042
2661
7352
9335
6719
2210
15765
17236
11776
6597
8178
534
15957
4640
5834
15118
3282
12247
861
161
15793
7462
4102
17450
5885
12153
15571
9575
8280
9493
11625
17486
15200
424
15163
15518
16166
5480
716
10609
8616
12397
9331
3505
16607
16273
357
14267
4311
16020
14493
5
5702
12220
6422
15501
14965
9306
9472
6424
11513
12160
3153
4967
6015
12546
1912
1350
13856
15895
288
14355
7000
6743
2589
4228
10503
15392
12997
9018
16442
9452
1100
9697
17033
10421
17317
7019
1241
14860
2212
7989
16760
1244
10219
7647
16856
13043
16289
7816
15419
16623
197
4337
16237
5912
7534
11208
7508
2874
13450
3578
8439
12606
2404
13296
12959
13711
12828
2832
14442
7635
16838
3074
17142
17699
13195
11324
9466
17542
3513
11002
13570
8478
12582
5400
4091
8711
3184
7710
5444
4037
14388
4597
5167
8887
2758
16606
10130
11580
15906
5023
17348
16363
10306
15731
958
6801
10459
6832
6565
2512
15860
3939
8017
10627
13392
7362
13511
3091
16331
13179
5422
4280
2795
17141
374
13444
4052
1797
8076
13639
11992
14768
12850
11269
12138
6972
6958
6102
1442
5054
8628
3745
1728
5710
290
4918
15626
770
8529
9390
1188
15023
16316
7728
6340
7113
5714
17302
430
3544
15213
14392
7317
5943
579
10386
8213
15053
11858
3616
15742
11030
8717
13208
10291
6155
15121
6129
12559
6823
11668
7183
10685
9558
5689
12678
15036
2176
15612
7854
2586
12414
15903
7927
3536
5114
13655
9632
10579
1236
8393
1665
17290
3394
13098
7367
16071
4898
3230
16044
2336
5180
17447
905
16883
3278
1671
12403
9507
3405
10551
8948
7538
14782
4556
4982
16893
17737
12267
11568
9702
12806
10296
9130
5250
9916
7393
6290
15863
8104
4286
12957
5297
6903
4264
9460
2911
7309
3668
11173
12741
9232
12317
2314
13573
8839
4794
42
7697
9351
16980
5241
16224
2121
14531
16206
12624
10235
5244
2364
9175
6563
4401
17620
11745
9043
1751
10630
5231
6348
2704
5767
1981
10563
6920
1891
12151
4952
16712
8850
3824
5252
13831
17696
228
11291
587
122
15758
14713
17216
15573
13167
5081
16604
16208
8617
9337
6892
11507
10137
5237
12554
732
8360
1223
14385
15096
15294
1895
16143
8578
12815
8688
10669
679
14708
10274
7261
4716
3892
2534
10252
17425
4154
2974
4860
4405
16328
5318
2851
10434
3098
1991
7723
11660
225
13951
16628
397
14252
15952
5043
11592
8776
11095
4217
15073
16270
1425
16676
15241
2676
13146
16465
7358
5897
9504
7878
10689
8389
6106
4174
5007
15477
17119
2580
15592
10836
6473
8126
8405
705
4741
11086
9684
9762
2883
4971
3761
1281
9894
12020
3836
8013
2907
12352
3954
13905
3868
8448
12187
2484
15809
9598
6436
12968
15814
13344
2724
7408
10922
3409
401
17241
3789
9383
14985
12366
12175
9496
14393
17064
15771
7862
15708
15839
15925
14898
9553
13514
1727
14314
14360
8294
8396
3315
10980
4366
2140
16740
12877
4273
8021
6503
14962
8790
15891
13181
7668
16422
14643
14483
830
16395
4524
1221
6341
3968
3918
12402
4126
630
17365
17291
3551
1201
11775
14681
1004
11135
14499
17633
878
1417
10087
12354
17005
8507
12478
12206
11593
11436
1750
15051
14839
13691
14471
13938
2256
3424
17011
5064
6374
15223
501
3534
10883
9368
13171
2766
3427
3440
12425
7651
16335
9344
476
12742
11328
16407
6199
13389
2544
1175
2443
940
603
3044
15753
15092
10374
11420
2003
16481
6494
8275
11319
1461
14517
9664
7168
8049
10029
5286
5166
4643
13894
4574
16863
5361
2248
7140
4450
3638
2716
4446
16435
1197
11498
14229
2396
13540
12816
16664
11805
12252
8684
7026
5683
17456
14612
3349
15650
4104
5729
6482
6435
6883
2508
5585
4169
10561
13717
15217
6889
5087
13070
13616
17078
7960
17246
1246
8067
1477
8682
4549
13865
16329
6356
10910
9358
15602
609
1087
12646
1485
2018
15934
16707
8109
10412
13807
16250
17269
15395
14013
2550
45
13862
4100
2618
5788
16922
4613
11779
529
17012
447
17210
17171
3589
12442
2640
10925
17591
2311
14012
2058
8401
4324
7524
7600
14907
11402
1484
11512
8874
3546
5733
13045
7592
602
3743
12312
5685
5591
9387
6171
16671
17129
15615
15579
12866
2828
16907
12300
17711
6041
17723
3251
7722
5131
80
14848
2751
2348
2637
766
1228
10405
9963
16745
8425
7064
16336
3422
8721
8180
9759
7621
12313
16995
15973
4297
84
14864
14319
8457
5992
12198
12664
1031
13958
2857
13834
2866
3653
702
7803
16652
295
9970
9941
3318
1926
4684
317
7176
14430
4151
943
14038
6535
10541
13552
10945
17617
9023
15563
3161
2091
12665
14123
2011
40
8411
11569
5044
12036
7396
13943
12770
3718
3243
11129
6240
11551
13787
7047
9491
4968
6904
5004
2527
2869
4353
16210
7654
13505
94
11040
14108
2992
598
7999
6898
10105
17063
13696
6280
15282
829
14380
1739
6758
5091
11566
10159
7868
13955
9473
15908
13274
13800
2659
7294
13756
8079
17554
747
13338
12639
7012
16716
6990
8094
11616
11581
11475
6908
10829
14174
16987
17056
9899
605
11927
15059
1837
4753
15741
15926
2157
7080
4711
2656
16457
1079
13989
1602
12498
4200
9994
653
10397
6246
1978
5473
426
8204
10485
107
100
10936
3402
10788
11940
13837
3124
10265
14629
9708
11798
1735
1973
13931
15131
10090
11972
16185
5307
5707
10719
10018
9419
10320
13842
857
6769
12049
2151
12423
14297
4381
3969
5969
8497
8340
14075
13908
11209
1184
9808
10953
15756
192
6587
1845
15310
8343
11322
7450
11831
10259
16866
14689
10047
8312
11492
14187
2266
8179
13980
16312
5666
7643
467
8388
9300
9630
13845
7968
7108
11383
4453
7115
13911
1643
16631
2469
12573
9415
5470
12109
15374
153
7166
1023
7385
13398
4045
4416
12093
11984
8016
15495
17650
7707
11283
11416
12074
4508
16590
10962
117
12089
3929
8482
14032
4261
14700
12022
5612
10683
13869
16759
9742
8440
16650
7208
2319
2177
5806
4255
11122
7678
1616
11426
7278
11474
14340
17203
8416
15387
8575
10781
2012
1994
9555
8072
15572
14426
9236
15703
4495
11177
12357
6238
6581
11756
4230
4480
1071
12104
14789
17692
12769
1323
6927
9652
9179
7555
10357
8216
3338
15083
10865
12835
15198
3848
6322
10923
8395
2681
14401
15406
4145
13864
11881
911
2301
15709
10228
12035
10077
11075
14905
11762
10884
2769
105
15956
6701
16253
4960
10853
4929
9268
3208
16093
3698
10426
57
7776
3470
10112
9926
10634
9753
14635
3518
9273
3288
1452
2969
16007
8106
8751
972
8027
14601
12007
13448
2623
212
16658
416
2128
11845
6592
3073
12880
11505
7264
9889
13211
1970
14619
7467
13746
9574
17134
8679
16162
536
2202
6716
7418
11667
9993
16555
1930
13774
2392
3994
12289
7095
14832
15394
11778
17404
14087
11926
12535
8144
9332
8128
16249
14116
14684
4124
9434
8627
12687
10104
1670
5821
9037
8685
12534
17758
10081
10149
2878
4071
1058
6241
17536
9115
5302
5345
3982
1180
11843
4404
1753
8007
7768
4213
102
3435
11923
16565
17694
5615
10938
10301
3656
2473
12412
6316
9564
15203
13556
289
5966
16723
6590
1551
1215
14057
13454
13502
13998
12450
480
6962
3109
3129
3280
12780
14836
10723
17388
4421
15087
10790
17298
9625
8900
9829
4331
12235
1517
14513
8827
9385
15812
2691
3001
8601
7714
13113
6339
4398
1333
14958
11100
6934
740
17090
11687
13054
13786
5508
2963
8185
3485
9172
12259
8664
14448
6239
9694
10464
17738
7952
3245
8586
250
1369
7963
16436
13187
783
15376
1961
1999
9486
3924
7335
4441
82
2599
4144
7633
14559
9846
4197
9973
8885
909
10531
7689
8162
5888
5932
1595
2143
2611
9615
14376
6540
2571
14191
7905
8922
15767
12497
3392
149
14909
7355
15794
2955
12767
12099
8102
10970
16147
7573
3067
1887
3667
10656
3048
4251
12284
1500
3927
10309
17433
9791
409
13180
14207
13670
13669
16223
10544
12315
15494
15316
6042
12163
16991
7743
4436
3186
9145
3739
15368
3163
11945
2214
16502
7828
3041
1027
2642
2720
11528
9323
8772
2442
15001
16389
9276
12196
4921
32
3346
11808
6860
6392
3784
16660
8782
1871
4187
5026
17185
14731
17400
4172
15881
800
1722
5305
12454
15188
15486
1284
10571
1707
4857
8103
7402
14950
11455
13481
8404
17239
355
1855
15168
7615
7391
1573
244
11780
6224
14924
7024
75
7495
14792
9550
6664
2222
14830
11345
13996
13003
6213
9221
8848
14183
15416
16811
16197
9786
11953
10744
10254
1766
16196
6500
12376
6359
1857
2545
5731
14420
7200
9154
16923
15899
10857
13680
17756
17228
4544
12200
3015
15005
6014
9422
525
6190
13583
9796
3204
11231
6215
6925
13435
1356
16058
12896
16317
9515
17487
8447
12445
14201
9200
3253
8009
13121
7286
14716
10570
11695
11464
3342
15274
6582
6462
17529
4674
3538
723
16496
386
3845
15939
4291
5205
2050
13380
14272
7046
1518
419
9783
11591
16414
8666
11084
8442
16714
11223
17283
5338
2161
3746
7942
12630
5234
256
15555
11396
6877
12644
1407
14683
10388
13744
7598
12115
7219
17230
7332
16775
3433
6724
15197
4802
5051
6708
17028
3128
2170
16112
9873
5763
4719
11259
6000
14647
9707
11320
5403
4928
16715
16278
9240
10243
5229
8152
8620
8287
12076
7860
15381
12724
5148
3683
8163
9851
2153
3259
17426
847
14256
7983
15687
15849
2710
7793
3705
10642
1205
8272
2760
626
15923
6960
3501
13117
17369
11768
10574
9056
15522
6850
6709
11298
3591
4567
6916
4829
719
16878
13965
14141
7937
13182
4317
15061
8422
1440
214
4467
15397
1656
7143
17555
7669
12541
17506
4593
13788
1202
2159
16742
5691
682
6204
7835
16440
11677
11146
14760
8700
7912
2235
2997
7315
2393
3240
4638
5310
11495
1016
2923
5218
5269
6855
15003
17039
6326
1969
11482
17626
16557
14347
3517
8539
16204
16622
3797
918
17284
14606
14986
14872
1601
9536
5084
8837
7061
5593
16450
12090
3943
16821
12971
14657
11806
13092
3630
2419
17497
15550
8932
8349
6409
9961
6635
3195
543
10847
11990
5383
4004
4053
1303
1490
395
2482
15738
10040
6951
10295
12747
6198
541
7485
2896
13658
3744
2675
14663
11013
6610
12618
4637
10542
12000
12906
2780
16190
11630
10168
5735
13226
11500
3135
10453
13581
11700
5429
2435
5945
12878
11517
13709
12647
2521
46
13318
4135
743
8233
6202
890
15469
1468
14615
17760
10682
5468
15754
10756
9915
14357
10123
7506
10540
8369
1245
16971
16024
7370
15699
14729
2683
11281
1277
9526
9186
5000
7780
6845
17543
5644
1141
5720
11424
6718
4754
9211
5608
12408
7456
17099
12209
16808
6813
14687
13185
3149
16267
9122
454
9435
4936
1404
1385
10873
2731
14134
7025
17439
12915
6636
10211
7231
1550
13886
11539
8569
5491
5757
10965
10957
17234
2698
4736
8658
8400
6796
3645
4946
16068
3543
3822
6412
12059
2351
9141
7075
14490
572
7245
5948
12654
15335
10806
6520
551
15846
1372
10248
10996
6039
9046
14030
13952
12625
8303
7625
13361
8741
8460
14149
6717
10448
15365
14865
11919
8829
17310
15242
14433
14798
41
13620
154
2513
2547
15015
12996
15127
9546
14846
568
13982
14040
8603
12077
12920
16480
8042
5475
12381
2826
14173
12295
575
3532
14309
7124
10268
10216
1280
11628
17715
8196
16356
13633
2738
13412
274
11602
10181
13682
11738
978
1704
13684
8568
14511
10218
9640
2434
9312
13942
8194
6929
10633
14427
13758
9557
13621
2205
1834
4673
11909
8171
12918
6515
7004
1692
11387
3008
14246
4570
11671
13596
12891
11781
11304
1263
4122
11887
906
10054
10612
12854
17539
663
11393
7173
1749
5567
15594
12311
5998
14104
6417
6139
1208
3079
2585
2334
16396
7119
2379
14335
2491
1621
4957
2236
14526
4833
11384
9295
796
3612
6203
13994
16049
17184
2383
1605
11813
5017
7939
4781
11636
16817
5824
8054
12069
4705
950
9118
15820
3533
10299
2570
10813
13478
13510
8733
5959
6955
558
2325
14856
15857
7748
8611
9537
4428
3336
4632
6722
11647
901
6818
15438
7787
6296
17047
304
10735
12285
12323
13276
10163
10457
7403
1710
2066
4085
2812
12179
6543
4626
4565
3403
8791
7737
11105
12834
6443
533
8602
14781
10513
429
11222
11722
8207
6125
5187
3164
12001
4099
578
15247
3542
9275
14407
16443
14961
7764
12038
4194
14581
6406
15396
6723
6772
2055
15251
1814
14754
4101
4937
6935
16283
16447
1070
1310
6672
13217
15186
2843
15976
6865
8337
3843
5677
3693
273
7760
2024
2378
5697
1035
15351
6419
7180
15030
2946
10238
14794
11245
825
2298
17434
17618
16939
9610
14481
8967
11073
2886
5221
8348
14465
11562
14292
3362
11306
2149
9315
17114
1209
9554
4163
11184
550
10086
3763
11772
16005
11371
7645
16343
2811
10253
3952
16260
5287
10537
14546
17128
11537
1631
8114
5428
2797
5511
5709
777
15943
6968
10930
1633
823
6803
977
7623
13210
16279
4679
4866
2556
10948
2427
396
1381
14899
5578
3741
8219
12241
3143
3574
2164
10314
15946
6492
2120
16731
14550
11792
10076
5558
17207
14417
9444
2174
2823
9775
4525
15576
9518
5817
5366
9478
7386
5074
16080
8635
16699
14036
12409
15916
13241
10501
11640
1647
12561
12667
5113
14096
3715
8465
17309
126
9901
2052
6390
12484
2588
1892
9656
2914
16584
11550
4250
16495
3210
14248
13376
8263
15418
1470
176
6442
511
17513
8600
13141
12363
2947
5219
2610
10787
3595
9863
7487
10904
9442
593
3661
10199
3352
3622
11179
15528
4726
4624
6702
3283
16018
8888
11437
2284
5093
1772
51
12202
9479
9979
12982
4610
12902
7888
10351
3096
15265
1634
17263
16469
12348
2312
13397
12958
7640
17551
6136
5900
15887
11954
15963
5058
1731
11761
16171
11832
16646
1870
3570
10350
4033
1446
11258
324
4892
10367
8764
9516
15008
13436
10337
4325
8876
3966
8592
17482
11662
17279
13644
1526
5499
16100
9002
16984
1024
8182
4519
7359
1322
1875
16012
15653
7053
10660
9609
15235
205
1142
5665
11834
2183
16789
5895
4301
4869
6333
1166
8864
12927
576
1256
8493
13997
4579
10151
3510
17349
5688
8257
16545
3411
162
17173
3785
7824
17492
645
14665
9234
392
12779
12973
10271
1886
9953
7796
15084
8799
7371
14863
8999
1615
4456
3735
4582
915
7218
7003
11914
10679
10818
16839
10431
3985
3808
14058
12831
13482
4055
7531
4841
4904
13449
17614
15002
6933
14061
11180
3841
17032
12532
489
15503
6721
5316
7516
4786
10429
7982
12730
10423
13929
15606
14678
7296
10385
14822
12922
14051
167
12214
10765
6511
1033
15078
10981
5382
360
10659
4595
4304
12778
14633
14145
9696
11137
4157
3626
15283
2317
7247
15182
12768
5102
16766
13971
17112
16600
11181
13524
15835
2995
574
5045
2208
5402
14970
16293
6510
10377
17631
13791
7445
8789
13592
12287
9184
135
7802
4021
16292
2961
11587
14711
6504
13638
9408
15713
14390
2699
12916
16388
9094
4553
4708
14121
8598
13861
13089
14245
14968
2799
10514
10933
13824
15525
6138
13316
5905
3559
6166
5725
16198
9940
10807
4211
2330
1866
12883
8613
3498
9588
1574
8397
9804
13364
10440
5295
12728
14917
8805
16643
1121
17000
8164
11012
9400
10418
11930
16209
3867
11503
3958
6305
4824
10676
1226
3859
12946
16587
4730
9657
15109
5769
14943
14377
9345
15110
14668
11679
9029
5674
6527
13447
15116
11325
11848
2561
8520
8005
1560
7813
7400
1817
8077
9439
2207
2485
5040
4188
8792
9737
4863
14879
6713
11301
17668
10380
12234
7783
1473
10731
7123
9259
621
3799
9705
3492
7267
1380
16868
16685
14305
11643
5909
17606
6407
17697
6295
8555
3083
15748
5220
7008
5432
15323
16966
8808
5820
6531
9111
4492
1535
15616
1925
7778
4272
12760
5825
7859
1503
13277
12427
15985
8880
2770
15949
8317
2744
10447
16411
17260
7044
9069
14944
11645
3256
4812
5743
7229
16131
16914
4540
4470
3032
14908
5206
5201
9411
6260
6011
7861
12503
12188
4160
1173
11617
5034
14631
16862
16215
277
14851
13591
3777
12468
4813
7170
13157
5919
816
11400
6272
3084
15020
3271
11638
6533
14092
6243
17379
15763
16687
15249
6269
14796
15464
16394
15400
4266
12328
5742
8351
10998
6468
16867
17122
103
16075
17693
1214
14844
8961
8718
12660
13207
2918
11395
15269
4537
3890
14983
3421
16236
10728
3066
14304
8928
8668
8338
414
3218
10742
10525
16998
1140
6598
1044
11518
6135
13725
1479
271
1669
16688
15900
16810
5437
11969
15578
10752
10084
4262
7178
3191
1652
8636
520
10671
17271
4584
6248
4414
17392
13330
14783
6010
8845
725
14833
12057
14762
16323
7850
3539
8925
9578
177
11715
8450
12970
260
3488
15038
14628
4486
6007
16567
4748
7851
9281
9099
10918
14489
15539
14071
9410
7732
3932
12075
15864
14736
5782
3900
4665
15187
885
1530
11151
14551
13706
3977
5972
8371
11961
16189
10102
14365
15307
12617
8078
1729
12671
11561
2825
5802
2771
3878
9028
11889
8716
798
17377
13329
5122
14021
7398
13204
12933
2409
8108
3368
365
6694
5628
2606
12346
13094
10138
7637
327
7
15238
12836
11541
13191
16564
9436
156
6553
16634
2684
2972
15538
13983
9727
9033
10524
9254
2254
2370
11675
16180
2095
10641
16168
1248
17021
15502
4040
7972
7884
3322
11747
14062
1168
15329
2486
12180
4670
7363
6176
14129
8362
9207
16779
12448
4082
14289
555
9965
8345
6467
5734
4295
4520
1135
8417
2899
11307
11835
1351
13406
10881
6414
10846
1809
3187
7580
15356
13077
9226
15324
3170
7364
15006
15651
2987
4377
13134
9798
2950
5877
4170
9021
8678
17133
7071
14931
4926
12729
5165
15795
6805
13342
10690
17460
15262
9174
16654
6227
15658
10178
7138
12867
9523
11994
320
15505
9092
465
8001
7683
3232
15460
9201
14382
2459
3382
10586
13892
11145
185
886
4379
6006
15909
8462
524
2803
6928
12608
14570
4069
16046
6445
10802
3995
263
10200
4243
3833
2502
12082
6207
1979
2342
11871
14234
7094
12046
10696
11446
1803
4870
8538
4093
5006
2384
15302
9817
9036
960
1243
6251
2927
7847
11938
15663
14395
13924
1187
10080
1815
654
6128
801
8229
16485
10897
15267
15764
4206
16942
6470
17115
11819
16917
13200
9129
6273
2198
6820
4364
11282
10417
655
14646
8508
3151
9659
10245
17504
253
16933
14089
14453
5446
16319
3439
9063
4943
14855
8870
10410
17663
9104
2658
494
6917
1389
16721
7820
14155
14027
11901
16413
13464
11642
14329
8753
11323
13568
1577
12176
5822
998
14715
521
5512
12144
1825
1785
12555
3358
3416
7212
17669
356
9790
2528
13780
1861
2620
10365
718
5424
9288
4400
411
5082
9773
1489
12032
16730
670
4333
13488
12166
14232
13950
16263
12316
3491
13918
7156
13201
5569
2989
15378
6625
10156
13290
13128
5670
5335
3267
9031
8260
3457
7702
15775
2243
5271
5931
1009
14482
13571
4811
6119
5226
7203
17084
486
17712
9644
4216
14623
10662
10605
15449
12487
11472
13917
9098
6092
14230
5928
2862
5242
12246
7158
3767
3107
8530
4900
12329
7440
4588
15732
17443
3122
2576
15921
5770
5661
13628
10170
15491
15447
16013
9703
15622
16000
15520
9503
2519
13388
526
10502
3123
11225
6573
12522
3550
8987
14286
9301
3381
16239
14470
7811
1600
2227
420
4998
15770
15175
2711
4185
4639
7671
17408
507
10911
16835
12962
9153
7425
15938
7146
12440
14300
9363
13347
8514
9102
11942
9072
14457
2993
13463
7886
11236
791
10455
12283
17396
764
11574
12177
14064
1150
10528
10443
12666
11334
8137
10487
2728
8208
14086
11239
8657
6710
1312
7705
1813
12881
9224
16690
6546
12969
17601
5426
5706
6146
5233
2678
2278
6257
16037
7774
14435
17038
4944
9378
10327
13130
9404
11657
904
3856
17672
819
733
13018
772
13111
13593
6045
1317
5413
8173
3535
4642
9299
10521
9756
5826
12948
5679
12396
12595
8698
14019
13394
3213
9044
8142
8244
4885
1102
4737
17105
16070
760
496
1068
7826
8550
6365
12785
8146
8862
8643
9931
8408
11392
15803
8637
15524
9665
15215
11769
7544
17759
48
7476
13819
4141
13460
8071
1558
2768
1559
348
12745
8418
12616
17503
11504
4107
3266
2194
15170
14084
1199
14025
14367
3608
9608
8131
7060
17340
2335
1309
10356
9465
14112
12736
16434
4166
15614
9900
6919
1623
5458
8983
9336
13313
8794
3942
571
13067
12585
14384
9631
17121
7164
16533
3614
780
16910
12626
16726
17420
2538
10136
13135
4721
7604
5387
8931
1649
3747
1688
10983
13062
5698
9307
10361
2638
999
2182
15707
10699
16969
15859
5263
1593
6555
14522
5312
14949
7357
17086
12012
2674
6896
1293
17093
7510
11134
2271
4955
6124
14759
1585
3157
3495
9540
6614
11959
3181
4512
15435
11733
10317
267
12586
7282
6564
15880
16501
172
1247
5346
2094
14492
6437
15227
16302
8950
1706
838
9455
12762
14795
10917
1039
12502
12776
6313
6876
8382
6151
13403
7225
3290
12870
15177
15326
3992
7630
9394
639
2928
15695
4427
9038
13390
16800
6792
12141
3304
17172
1093
15527
15659
2695
7297
14916
106
12418
13625
9413
14037
10762
2568
11047
15652
7894
4282
16539
378
2705
17581
7825
3751
8492
10797
10284
14412
7006
10045
1399
2107
13064
8836
8266
14478
13975
14932
3663
11069
12291
10603
7151
1313
2939
11123
2081
10220
142
4846
6806
1026
5438
13384
4115
4931
16544
17763
16177
6308
6550
13792
7616
15620
13768
15181
11590
4057
8130
6123
14090
1611
8139
6117
10512
2062
5546
2495
14568
16993
10593
13648
957
8047
3400
1612
14148
10456
9565
16486
9821
9477
11873
437
1318
6640
7575
17015
6957
17208
7915
6841
4402
13777
13354
12623
9350
5182
7185
7021
4455
9462
11131
3981
16802
6017
15383
16819
13902
3458
990
8066
1900
2290
13936
2601
10920
11828
3695
10929
4964
73
9282
16505
9139
14439
1255
3344
12992
9912
635
15681
1431
3723
9522
9760
10231
14928
15408
3780
3703
17572
17471
14308
1767
557
15817
9942
4530
8857
6378
5487
11653
9774
15478
10809
14268
13815
14261
11952
14940
7023
14749
11372
3846
15888
4299
12494
15080
1448
13651
10831
10947
14414
9330
9481
3769
2286
13555
12424
6608
5210
1819
9701
17385
4081
806
15586
10914
2977
4320
11308
10757
1954
3054
1982
13302
17655
9454
8452
11560
6659
8390
10465
10908
439
13136
6157
17578
13519
5453
7150
12398
16461
7089
13853
12540
13590
12512
7568
5833
6646
8434
16543
4614
14875
952
8915
8851
13086
3581
3919
15415
10115
13166
8430
7448
10616
10479
14607
14903
2696
10196
5916
4690
10060
12490
7227
5918
14818
9695
13235
7307
124
16859
6484
11915
17395
14563
16562
2998
14622
7339
9710
8977
10142
2634
1339
15236
6579
15081
15308
10270
12021
12813
2026
16492
1888
2237
17224
11987
15685
382
12598
16424
7812
16571
14761
15085
1120
10494
5840
17532
8720
2742
3459
7380
14712
16021
3849
1396
1152
1881
3028
10566
7858
10067
8246
2186
10738
15145
7881
790
1998
3880
6814
3078
9977
16059
9294
7887
6488
15011
8811
14081
17556
12583
16220
2308
5545
8037
15740
1063
4879
11462
8573
12627
2785
11183
36
159
9274
12848
10192
14948
16119
16894
11169
16575
17254
13849
3989
3094
5347
9389
14151
15932
16172
12108
16181
12248
17550
146
11481
15037
2382
9876
14974
8181
4541
15064
14977
13813
49
5485
10308
308
2915
1261
3503
2046
9923
2804
4572
1689
8618
9939
4471
17657
880
14773
13120
1307
7673
3568
5510
13119
9888
16847
5985
10251
14370
17698
14727
5384
8111
14757
16638
12010
5173
6347
554
9722
15904
3178
15098
699
16772
9059
1570
7739
832
6093
15322
3850
2625
1923
14154
16959
10414
12569
9566
10725
522
573
6864
427
16955
10977
10941
8852
11254
10116
16499
9878
16083
3842
8392
15410
3879
16974
13667
4884
17330
7366
14055
4447
7430
11920
14069
2041
5831
14251
8736
6048
8872
6172
13612
7308
6643
2043
13178
15608
9007
15032
4832
11467
11902
1218
7681
5990
13618
14105
14135
2115
6279
11717
1456
4888
17001
6740
2196
13037
9177
9384
15901
1943
7955
757
15343
11415
6131
6942
1341
3437
14449
15625
11476
5255
3071
7228
7666
9561
11087
751
13353
3235
17398
1582
17058
14840
10097
8981
11963
15569
4826
16982
7235
9505
5496
9891
10293
1897
3771
14525
6847
17025
6360
870
6335
1924
8784
3990
13087
1902
7664
17413
12519
7207
350
9133
5765
4635
9919
1378
13801
17356
30
14976
10647
3285
14703
5067
3903
13391
1290
6289
4221
9220
2108
3385
8594
5407
5313
8853
14195
15402
1589
13457
15643
17125
6538
615
9302
17665
5062
8012
5635
16300
14001
11777
1796
17442
7290
9424
973
2096
5532
16426
7525
16913
4602
2564
15107
14241
38
9815
976
13820
15000
15105
4362
343
13946
15411
4385
7627
17305
13190
16418
13073
15761
4485
14356
14456
6259
4191
17045
2239
10650
16297
8183
1118
5120
7834
5738
7325
3264
14283
4947
10777
4804
5072
17359
9720
7720
15556
2551
9187
4232
12695
1258
389
1475
9672
11330
4680
15876
9872
8441
1212
11310
2702
4469
5594
13718
610
7163
8407
16016
11272
14801
3737
17301
13442
10820
17361
11423
10741
10598
17449
1008
10532
14188
14868
16854
7975
98
493
8551
12910
14474
10587
3931
6576
12086
2354
14682
1076
6706
2401
14138
15595
5568
6932
16212
11821
1682
2532
6277
7836
607
16362
10190
2285
252
9813
4797
6714
1538
14835
12172
13827
4769
2320
3027
5198
14750
3759
1289
16968
7238
11943
4479
16949
8527
5899
11809
6738
13577
15129
11925
16837
11570
17008
3026
13422
8897
12550
1353
15171
14567
4235
3901
8953
9886
14984
5019
13814
10982
2303
5727
8036
15443
64
1547
5914
12394
14028
10924
6478
14618
13933
14891
2476
3514
81
15877
5264
5629
10942
1754
11207
16036
7518
4155
16144
2168
12279
12868
17161
10619
83
17576
15412
3162
5141
12604
3629
13742
3029
7179
2231
11854
4068
11586
6949
9723
4939
12712
7837
7761
7165
13311
3749
10422
11545
11362
6064
12549
11803
13335
875
16799
12966
3155
10335
15704
11017
17019
2836
8261
10534
3106
10726
13272
10286
9241
16967
1111
1408
863
16614
15802
16332
339
673
17548
4616
2027
12812
919
15304
16681
5216
10110
11982
12983
13186
13349
11240
12391
2275
10066
9721
5378
11903
16582
7566
14318
12714
5324
2718
3173
336
15437
2694
12224
7809
9296
10214
14889
8333
3137
9590
6413
17337
4569
5104
9490
17145
3369
14161
5380
14852
8120
1462
2867
3563
1972
3531
4601
6047
17362
4113
152
12204
16073
3898
8779
11970
14501
10300
16376
14587
10674
8581
9784
14797
1648
8871
9324
10819
2873
6725
1839
10628
3305
8920
5642
840
12803
9019
1905
17472
3384
9669
12839
3596
6677
1311
5993
10035
7606
17671
666
13909
3625
14942
5443
5543
12124
7005
5651
7973
14805
16944
15358
1907
15211
8652
9263
14873
7791
17559
5506
13841
16451
6509
5032
12095
7498
6988
8846
398
10926
11670
590
12860
12986
3130
14533
17259
12147
11448
6415
1474
14205
5406
4165
13602
3069
3068
12905
6618
16629
4067
4058
6516
2916
4817
6846
7578
3853
15298
14841
11771
6250
12629
6253
3085
7097
542
9857
10490
7593
15729
12811
10468
10004
1364
5035
8626
7940
11922
213
933
4271
12955
1021
5526
6299
11559
17407
2666
6035
4444
10562
3092
11704
7920
9845
9137
5354
774
15044
2790
10466
8285
4195
13149
5746
8328
6645
9577
11449
13673
9256
1906
17183
16683
1691
101
5890
3481
1748
11673
3268
7543
15515
2280
7890
16241
9777
61
14486
12924
6950
9569
9190
15968
17327
9509
13527
701
17632
1686
10900
8271
15082
14660
9642
16288
15670
3643
14441
7848
11615
8604
9391
687
11631
14672
16551
12529
7439
13468
6976
5415
14992
9974
6658
5957
8374
5137
9039
3307
7419
15836
683
13393
1458
7320
14596
6287
5600
13855
16487
2583
4783
12084
11366
1676
2539
1763
9856
2422
16252
12193
6819
16430
4678
12437
2209
1262
13954
8886
5657
2084
10118
2131
14271
15965
5579
12132
14737
11248
13360
11807
14446
16183
4780
10313
15451
17120
6332
15136
4970
7857
4061
7976
3908
14460
8352
2138
11477
11052
15913
3386
14476
3728
10433
868
4031
12447
11788
7306
4950
8687
8075
298
12748
9527
16743
10483
9437
12319
12464
11799
3851
10546
8206
9392
393
7751
3000
16139
16118
9054
14785
15199
16458
16094
15777
11565
4962
3967
16999
14677
14505
3430
2846
8307
17707
3729
1562
8761
403
9103
15822
7898
500
6856
5212
12065
6284
2109
1287
14106
67
6107
17152
8199
4878
13271
3664
7595
15445
6270
17342
3320
675
2337
1938
14790
2007
8158
10022
1077
12944
12580
17036
14326
9216
12994
7513
13461
8040
5430
10665
16182
4289
10302
2996
17004
3742
13893
15668
5299
5544
17435
3650
3039
10610
11523
8359
2375
13409
3277
1833
14690
11547
9618
2687
12158
6303
7520
510
980
7735
4276
9173
12465
16906
5461
10822
14066
17169
2726
9185
8089
11112
17602
14060
5065
16951
4628
782
14259
17622
2388
3993
13622
3719
15628
9975
3391
388
6849
16091
6666
6879
2395
9079
14144
4258
8572
4240
1053
8553
14083
13479
17552
5027
16853
5106
14298
8051
13202
5868
9304
14147
9093
2116
10907
9004
6425
7966
12120
4148
1873
5656
5251
1684
10889
14814
3844
6905
15918
949
11157
8769
11159
7421
585
8957
4763
8278
11883
1402
5024
6703
8368
2219
3526
15139
14639
9292
1426
5744
7717
1705
13863
7334
11833
16497
3013
14477
3938
15840
13548
4827
363
912
13326
5649
9811
12797
2070
16133
9262
376
16262
3783
10559
5884
2361
15439
16087
13671
5372
12931
9066
15862
6749
11171
6603
12201
11494
8410
5322
13096
11425
9653
7076
7632
12165
3140
2574
17261
4631
11251
10
16281
8747
8050
10240
11977
16960
10591
9
3064
6695
14158
6567
4770
12269
9932
10180
17722
8815
10791
9852
5595
1909
9681
5059
14747
1757
10378
6177
15960
9475
9260
14231
11286
16001
16008
14923
13672
8057
13665
12070
9354
17316
8413
9780
5754
44
14578
15010
3959
3872
2021
5238
9545
11686
4323
1170
7503
6463
13899
844
63
9289
8882
1673
17270
8157
8100
12471
12531
8370
9346
1040
3537
14920
1415
15214
8346
9576
12989
3557
12985
5789
11124
7703
523
8968
16078
16700
9402
12949
13529
10717
14410
466
13339
7672
4877
17062
8670
16943
13795
12979
3239
6700
155
9864
11971
14812
5395
17126
2321
1778
2008
4116
5283
16148
14960
9244
8025
16026
4303
451
6423
16825
4988
15910
3984
6622
4958
10088
14461
8878
10588
15130
7785
8731
15766
16903
1403
4710
16155
8387
11266
11356
9144
7434
10183
144
7195
15433
17540
17147
4993
14547
9438
5439
13870
3673
6732
2984
11355
12523
12677
4715
13410
12589
4871
8331
2844
2958
15292
15330
10874
5164
11460
4465
4308
3907
14955
9265
12303
13606
12888
11001
3680
1159
1115
8873
8998
8756
2605
6481
7918
5917
7704
3652
9838
17334
17726
9377
16670
11438
2672
16815
5554
11242
3059
6857
7323
14787
9871
824
3823
3050
13040
6569
4789
1113
12094
9121
15589
15883
12537
6008
1829
1368
17367
7533
10730
596
4669
15063
3117
17609
11053
10838
4234
8703
11766
66
11739
11348
6954
8591
4934
1128
12765
2522
6312
16476
10476
9152
2457
5149
10919
2884
15760
5637
5211
6069
8174
16512
14097
15403
2560
4214
12963
12577
16089
2064
1743
5042
7591
10848
6863
7351
5708
12661
2175
17752
14324
8778
9000
13724
12943
4503
1106
8453
3770
828
16541
10208
24
13401
15393
6256
4972
10391
14926
1206
15566
13553
12504
14890
16619
1874
3133
6537
188
13584
9935
11900
6529
8667
211
9869
2441
12439
4648
9398
16299
12452
7356
1974
5705
3922
13970
1453
4920
6101
1659
13896
3413
17588
10155
11535
13297
5946
6760
3560
8483
15684
8014
10701
8112
1025
8151
2444
3286
14170
848
3904
3293
9559
16873
9621
778
13526
3396
8705
8218
7302
7855
7337
1225
676
5133
7650
7560
11136
3171
8907
1267
10519
7390
1482
6003
8691
5386
15549
16527
7832
12278
12131
15672
2554
12091
3429
2234
16295
14726
1220
6220
11263
15017
7931
14854
9902
17052
4409
13150
1101
17748
16795
563
1929
10700
1357
12467
10636
8211
16095
3020
13122
6148
539
10037
9998
8561
16788
16157
11652
9676
9624
11103
7039
16227
1451
16463
2734
17336
7584
11611
13623
11735
4263
11256
4655
11045
5632
17676
5434
16156
5939
6891
16851
13825
10688
14054
12140
10553
17603
9338
5168
12613
4176
5778
449
1264
9272
7537
6506
15637
17083
6026
14480
4791
6104
8306
5070
8934
3250
15057
16437
8290
9971
3274
2503
6081
13314
8754
2968
16373
4915
2493
1859
14222
12715
8041
3672
9326
16865
5514
15295
3883
7333
12635
4140
8201
11605
13626
5109
14661
1336
16161
3374
16915
6315
6630
8662
3986
14281
10223
13238
17159
4237
12493
1051
5301
5328
17151
16108
259
6789
11252
9655
3193
2988
5107
10492
14438
8583
8081
16027
7032
16790
3004
12609
7405
1960
6216
17100
16041
10204
15914
8936
1002
17168
17193
8659
17636
8046
7120
15858
6408
9222
13063
15829
7871
3617
3353
6429
7111
7577
3144
3685
10833
2360
5053
16719
1980
5227
10435
12981
4046
8022
5517
10710
10572
12072
7126
1316
1632
2067
8481
2260
4294
17138
5136
17667
11120
14472
15511
17585
1492
2403
16610
3373
17242
512
4066
13766
6382
15588
4426
11936
16805
11721
3508
16269
10863
1921
6350
4725
13243
3355
463
986
981
11511
12314
3132
8952
14366
15261
6937
4459
11830
9534
12146
3956
9587
12524
9248
11536
14616
175
1752
10816
13101
6033
14130
3468
10539
1251
17455
4658
6145
11585
8849
708
1406
7601
15060
5020
1955
12137
16054
1977
9223
2784
1651
13522
15254
7099
16123
11850
16702
631
15465
17681
5193
13116
10441
1094
10201
15333
5913
946
8154
2200
10416
4738
9715
6604
3912
9116
6174
12672
17277
11413
10025
16926
270
7449
5859
14016
4526
3512
10082
761
8193
2898
12217
5668
2035
11627
4647
9501
12689
16274
1319
7866
3620
10891
11968
1617
13925
29
4849
6914
2980
4927
14743
7343
4657
599
1394
11316
8068
8729
5910
15642
14320
1390
4689
16115
7052
11681
5737
2975
10462
2411
8767
13562
1685
14722
13414
11918
15667
16482
13328
7129
15325
11250
16038
6147
1137
14029
17187
9270
9797
15450
2019
11597
10292
1928
15890
9832
6263
7657
8675
8318
6777
15
4184
6650
3412
1842
7134
10986
15912
7608
2268
7431
11740
11268
13035
3434
6596
13811
16017
1542
6770
2516
10992
509
2162
8184
11859
1133
14925
14543
5449
5103
8273
6051
15475
13829
15947
12853
9801
10438
7202
15621
2496
4695
11261
13229
1650
3926
16444
738
3965
8166
15192
17178
2343
5603
16231
8860
15384
12975
13373
12876
7864
13818
853
17724
3301
9685
2881
8220
1532
1003
11995
9085
2940
19
3970
1516
6727
7068
15600
11130
11674
17104
11891
15488
8504
5326
1569
11188
10322
2150
4368
11117
8019
11447
14213
13430
6448
2598
5556
4209
15027
15781
5566
17163
12031
1073
11379
4621
10471
11368
14128
14593
5796
7480
2920
6918
6965
7083
1958
12832
13852
15530
7807
4319
6726
16084
6298
2820
5636
5643
569
10166
15153
8676
6977
3154
8656
2327
13608
5602
5181
10862
12638
1130
10089
12364
10003
10994
15150
17040
14333
2925
12469
1049
11224
10069
7477
10000
10172
14
2259
3110
7016
12228
13968
4023
12575
8994
10277
13264
5889
6776
16662
3192
6426
10812
2261
10355
10858
15541
2842
15379
4938
9025
15969
6254
16358
13881
12807
4044
16454
5638
12794
9183
17461
2255
15801
10652
11331
6768
3654
15629
2447
16786
768
16349
13323
14882
12136
11451
16307
15581
3022
16550
6507
17719
5548
14015
4090
1831
10019
15143
10106
1207
5161
6439
16686
4029
13154
16142
9074
17177
6301
9230
15987
12637
2932
17186
3294
13483
5482
5503
2126
16467
2299
13941
3730
15850
367
10058
3102
6906
8477
1160
4806
14527
15719
9639
4762
6802
2220
1798
8826
16472
6639
3633
8391
17143
7216
16757
11150
11842
619
15924
3108
4862
657
7147
10779
8355
4509
5375
13418
1607
14265
13728
16961
17416
14694
17257
742
13597
10729
12181
14506
11422
9484
1395
1171
8906
15317
16069
6281
12257
7753
4092
12110
710
13091
15990
12244
2864
15577
3549
7547
11596
2367
9967
9541
15953
16471
10472
9957
13580
6530
6001
2629
292
16768
17619
15252
5981
12978
14210
17048
14156
845
17469
9076
821
9726
3261
16764
2241
17517
13030
11198
13337
11381
13162
8090
457
9108
6410
7342
3902
895
7121
7081
4059
3095
14178
7535
5864
6867
15884
17332
1036
4692
6548
4386
8319
17405
12739
10031
14625
5015
9597
17108
2632
5270
13915
1365
9109
10577
2218
4339
12044
17352
11825
8989
9524
14598
15250
3639
15889
12460
15945
2326
15072
1154
8673
6236
4953
8629
17107
7360
12796
7757
11370
2282
14728
12792
7589
12744
2706
14405
1285
17509
14404
2224
4233
1198
5351
14828
13075
3527
1117
9853
11840
7979
4252
10212
10805
2073
7276
14454
12277
1672
6055
13366
5464
5843
15733
7546
12513
1295
17580
13205
4142
14777
5659
2492
735
7361
10195
13023
8048
11960
2723
2217
11067
13069
11533
4098
4845
4491
15154
1988
1412
10963
8842
16921
12882
17454
12843
8230
4253
12791
9134
10403
16187
8023
1282
10629
5327
9084
7340
2819
12386
233
3964
13882
15113
11314
2708
12749
379
3016
3854
11928
14429
9582
9369
8383
6683
1867
2552
4959
2663
5144
3779
2847
7240
4095
9166
13051
2152
14353
3389
16586
15898
9476
7144
7629
3040
10056
4310
3647
14857
14211
1997
359
1776
11014
7082
8035
5125
8406
10010
6523
15045
9626
859
5367
16777
14238
12197
16820
4236
11440
12373
3136
2358
9898
3052
3778
9206
8787
9203
5392
7738
2213
15095
14763
7700
6712
4493
10921
1371
14831
10517
1514
11344
15029
9907
14718
12045
2786
3555
7424
6268
15352
6707
7882
4283
13240
16390
864
10940
15490
8384
12191
10599
5906
5830
13465
15717
10552
9213
987
2148
294
4030
15148
3038
588
12299
16678
5225
10786
3160
12305
12053
4167
7773
9682
1510
12194
12333
566
15229
415
10482
7914
448
11598
14579
5758
2374
1575
8498
9761
6353
4290
15498
5860
15467
2417
17272
14196
1693
10165
5142
5522
4590
10880
1882
2276
4334
17223
14650
10393
13477
12704
6036
1947
7708
15428
3045
12611
7763
9293
684
2172
8249
13493
10827
10205
12383
15054
16106
17061
16375
1653
2340
3917
3507
14107
10203
13233
4757
6602
7660
16039
8560
12740
3807
10186
11634
3504
13704
15872
7346
7938
15516
2356
456
3674
8479
3168
14296
9320
1126
17613
4050
12458
4119
4064
4527
1901
1388
11267
7646
13405
33
349
3567
818
15752
8113
14282
11469
974
8423
6427
17024
10043
8639
8584
15838
9217
2649
3623
11074
2118
140
10675
2853
9972
8269
8353
5360
16415
8438
10114
6705
7822
14428
2453
16369
11293
5257
7729
3101
17666
10160
13036
482
3957
16385
14748
12332
17079
17659
11175
34
12568
16176
15944
8820
11621
1529
2250
1591
5013
16134
14219
4615
9635
11981
10085
8373
13843
432
9360
5736
4575
5483
2125
9081
2959
4481
7037
3019
6788
10815
8940
7674
15942
11676
1114
10486
15869
12809
1721
10692
12964
5641
851
7779
14008
3189
1493
16207
12143
1427
6447
7821
11144
6648
546
3343
4865
8638
11748
13231
6030
11531
5968
12508
561
13056
6098
12210
3299
4649
698
226
2015
4139
12674
1860
537
9991
7619
9322
7609
13445
3502
3333
5967
6375
9862
4671
2566
17494
15355
5057
6310
8786
17149
7528
11879
10554
8525
9158
338
8115
9591
15052
13609
5509
13012
15633
10362
11812
15224
2359
2900
5200
8816
12433
4496
11382
6265
1046
4901
8288
2372
9057
9167
16257
3580
14751
3112
15454
14807
5162
10340
16272
9440
6163
8082
13415
9128
2117
5273
11876
16506
5285
8951
6526
8681
9995
6367
4796
173
12119
11435
13156
14043
3962
7827
5119
16060
4086
2187
5188
17641
2456
900
3432
15837
15196
6306
11197
2792
4792
13429
11744
9629
8467
3190
6475
10140
14419
13588
13561
15255
17219
3834
2025
16102
12817
3896
3599
3460
9329
5995
3121
11273
2033
13991
10832
14328
12159
10298
2099
3717
15299
15546
199
13884
14136
8770
5021
14528
6675
5450
10014
11826
9992
14466
5793
12087
11191
14892
1823
14575
6974
11764
13400
10150
2181
6986
8242
6167
17238
9949
2092
6175
184
4822
10592
10442
11473
4619
16276
10753
11934
8254
3587
5258
12359
6554
7536
7806
2249
2189
11050
11262
11672
11394
955
412
7174
9593
4084
17479
345
9826
13071
14126
7656
6894
6729
12823
4047
14180
7409
9646
11728
14398
2313
5344
5003
6900
1962
12276
16732
5575
16925
13308
11493
16186
13508
13962
12579
119
10394
5586
10395
16734
15159
6165
2068
7420
13948
6956
1832
2636
6208
2887
4003
12701
8680
3592
7455
17307
11203
13747
3658
16364
12693
7475
3809
2594
9182
7675
10257
531
7956
13783
6372
6130
11176
71
4800
1443
7876
11270
4418
158
1768
16613
4896
9356
7798
6060
4038
10937
9231
7287
17218
6647
7066
3482
2747
13006
9159
14842
4854
12026
3225
5126
1624
3804
3464
15285
16035
6880
222
9483
6349
147
7221
17055
5373
4992
5288
10297
12213
8536
13474
14545
10600
10763
4097
10510
8445
9123
14065
6195
13880
14686
16202
7685
4771
16665
8310
4945
7499
14876
12547
17584
8523
5923
6487
9980
5996
16739
6282
6753
15362
4009
9208
8694
10202
6194
13643
12819
17094
15693
7936
4168
8758
4703
3983
2736
15070
12006
5961
8701
9951
16397
11036
17245
15607
9754
3199
4706
3688
13906
12525
1459
2304
6580
7622
171
2948
15133
1687
16964
1491
7980
8357
3236
12960
1300
13961
9246
2389
13352
14131
11078
6031
4220
6678
11278
3159
16404
6975
3530
13242
13000
13395
8045
5724
14421
3275
1252
9623
14053
16416
2269
13516
2300
3426
804
11872
16340
14068
1449
6152
11070
10354
12499
1019
11347
2204
4546
474
8528
97
5342
13537
13425
2957
14005
280
4121
10197
297
6994
3257
5478
13594
14010
16525
14240
7085
3043
2850
14237
143
10875
9990
6472
13104
5036
837
16357
5401
15674
13534
8752
17029
11008
11321
3494
4772
12919
17695
5999
8697
16693
3721
3012
16573
6873
11532
7291
4359
5926
12419
1348
10623
223
12679
5584
5747
13641
17511
9030
15354
12382
11327
8683
2750
10499
17035
10638
13833
14520
9802
2193
14669
6869
8321
1889
2870
2022
4807
1697
8198
1149
5436
2017
17757
16741
12510
8086
14972
13649
5379
2910
4244
2951
7636
8980
1590
3571
13763
4390
16488
8323
10015
827
13536
1918
3323
6219
3284
15784
78
4850
16402
15790
9136
12988
9060
3950
1740
3933
2063
14264
5809
1630
166
12590
6997
12048
14838
4277
15257
108
15543
13424
8334
16097
1502
14990
15636
1274
2201
1539
877
4707
4279
13716
4504
6023
8503
7192
4836
4830
3624
2876
5686
16927
3484
14462
3205
12025
4374
2943
17244
6232
1460
204
997
1661
13544
12515
16010
1435
2480
4425
608
5974
1116
6144
12030
3637
14406
17571
6851
3262
13455
4586
10057
717
10408
5239
14922
16880
2324
8015
13755
9854
1052
617
13586
14164
3811
8722
15526
9679
14981
7281
13974
6222
7242
8168
8322
14362
15640
4536
1717
5490
12399
3287
15290
3871
7465
2498
5994
8521
16011
6189
9699
246
10708
4014
16031
6626
1781
8544
10535
2350
13129
9828
8644
8451
7441
14364
15075
4855
11247
402
4403
10445
14523
12142
16804
17013
15176
15931
10478
9984
16067
10810
11429
13617
8150
56
7745
2934
14262
7444
11864
9581
10637
95
2798
3081
16704
13048
13851
8231
13022
1305
3281
674
15964
3152
12463
5647
1849
5883
1626
7500
3644
4419
1136
14850
13900
10411
9045
12118
14047
6369
5624
15997
15584
5958
9286
6226
3233
9617
6024
10079
12908
8910
8869
1944
16576
6549
4073
3889
1143
7953
13285
14503
3914
5609
6595
14732
10887
6091
17470
10639
15656
7376
15878
10013
13741
13512
6088
9397
4660
13698
13028
6271
9839
5699
14186
14079
2655
1995
10315
775
4322
10839
14688
3408
11212
13007
5721
8960
12486
11991
3996
16965
12615
12509
3415
17537
15692
13836
969
13170
11957
6508
10103
15245
899
16122
17315
2778
2775
2891
12475
5077
11170
2173
651
14530
11305
9492
9342
1249
5259
7491
11127
12692
12308
4539
13822
347
8006
11195
4751
268
7901
14250
16219
9616
6493
13029
16247
3292
7572
12593
1660
8793
3500
10409
6835
16240
7519
13805
14208
1696
1204
12735
14869
13984
5011
956
8000
11163
5550
12302
8542
3579
3635
3565
5272
10125
12190
7969
35
16200
14167
5146
15484
15208
15371
12374
255
553
7300
11166
14585
17087
644
72
3419
12752
4474
16381
3097
4557
6142
17144
15413
13920
16314
771
12683
11577
16832
15404
15370
12872
5816
7209
15769
7255
10578
10759
14223
4984
10584
17097
7583
16192
4801
12223
11974
335
7378
9053
8916
8245
9645
4079
9794
9594
10841
11789
1229
13356
11603
744
8489
5854
13935
8901
12929
17415
5431
17566
4576
8428
14045
4650
13878
11999
8283
14004
8403
12482
3180
16738
3506
11234
15146
7042
7159
13781
11024
12716
12462
10333
7782
8914
7484
3209
9810
14387
7863
15989
13960
11579
16879
739
1233
6655
3593
16446
4720
5803
11983
7017
11869
6133
3910
12218
4042
15768
4899
8580
17709
1935
4799
13635
5844
4577
9770
13369
2572
13219
17575
2622
7913
17475
16132
13828
6121
7220
9498
1963
515
10032
6054
15097
13566
15482
4779
5753
16193
12024
9793
4181
6513
13707
17092
6619
8314
9142
13049
12680
17264
12572
3722
6320
6966
9064
13603
15496
10749
13496
795
8341
10582
1419
7626
13871
13521
5601
749
16809
5988
14312
12123
12413
11844
1181
9480
13066
3379
3690
4545
4043
2548
10134
1894
11361
12934
13772
8855
4259
13957
2559
4514
13624
487
16826
8821
6812
3648
15564
13999
5441
15123
12435
14676
2426
1513
14641
1429
16351
13102
13451
6575
4745
15388
3598
13752
14338
4110
9600
7020
12990
7153
781
2845
16308
9987
8262
4147
2839
3810
14602
9430
7852
5362
11950
15941
7585
5208
14808
14002
7050
2510
7312
14725
12558
2852
5535
15870
8169
10670
7902
8165
12249
13145
11403
9297
8494
2346
11457
14351
14880
5284
17321
16400
12645
14997
9946
15386
9768
13140
8466
17140
14152
1370
1911
6897
648
3002
17027
7404
17446
17288
2347
9606
9997
17255
14510
5462
372
15978
15665
5223
11365
4326
1950
16823
12372
12149
721
16827
7243
14580
1340
5260
9359
8992
6049
713
14371
13846
13995
13041
10167
12930
4821
6739
16948
1880
11433
14287
10967
14165
9022
8313
13630
13826
1291
665
14169
234
178
4784
12514
1127
7347
14826
12127
6421
16528
597
13637
1931
7248
2331
14041
6843
11556
14091
17136
4028
127
10866
9938
9014
6276
4212
2979
4961
8633
3594
17102
3425
4732
12255
13304
15845
9086
14901
4995
4078
6746
11290
14415
4125
13192
16602
4731
3641
16703
17360
7394
3436
15048
1858
6773
11793
10384
15138
13383
3046
3134
14870
7620
10852
17755
11682
15831
835
8160
4183
15076
1373
5987
7879
10111
13697
11619
13653
5513
11696
8018
8065
1324
8969
15679
10516
4583
951
15531
17727
10558
17304
14452
12455
15559
16128
14299
4645
16728
1331
11332
741
13189
5090
9586
11041
5479
2075
16473
15542
11665
14516
8825
421
3174
17333
16327
1162
10093
4683
5639
4109
9458
16807
5678
7136
9395
2381
7260
11206
1884
4864
17247
2085
14959
12842
17089
2226
6397
9960
2203
9489
14853
15610
10750
4010
5752
13873
16609
257
11773
12421
5797
2463
8424
3359
7599
4016
3611
6838
10034
13327
8156
4687
12612
2139
7767
1540
12379
2861
4472
5690
10555
8927
14815
5452
15783
6734
10645
6037
5521
14589
16382
1467
12033
499
12016
4186
13976
4349
11861
4991
13348
6844
5394
2901
5124
3975
3445
12027
10099
12932
229
15212
7721
3312
14354
9467
302
5977
2232
17292
826
5389
1919
2682
17289
12015
12356
5835
3573
2802
6512
14590
3472
5409
17366
16043
15762
5808
5519
4284
1375
15303
3072
10415
3337
16493
10615
1638
15773
10997
17075
4761
15337
9725
1677
14810
4083
16514
8566
25
331
9278
2428
17595
1091
16919
3720
7726
995
8991
5790
17520
5022
11367
2700
14431
16749
6385
4410
4752
14811
6778
4887
15819
1946
10095
6785
14331
13798
2449
15512
8986
9547
9638
11962
11908
17577
3863
13203
7805
10793
4803
3088
12422
8933
3758
10526
10489
2470
16256
5174
3974
5356
5049
7997
11522
16116
8982
13462
11737
12096
6634
622
13291
3463
17221
16920
11311
8975
1733
15071
16421
2051
9552
13757
11421
10382
2082
13475
11650
14539
8190
2709
13569
16970
9881
15627
11875
470
9733
833
17391
11521
9660
8745
7274
3313
13421
1644
11641
5317
76
17189
1164
13225
6217
7426
17507
14093
14679
12591
10379
10733
14638
4568
8665
808
2
11644
10407
17480
881
9834
12182
4060
13550
14993
16661
7756
208
12953
12887
1239
805
720
2863
11339
472
8810
3461
16121
1242
16822
15791
10871
15179
15796
10413
12113
14048
8771
8291
14463
5682
7843
3541
8800
4750
3676
4285
15517
14273
7226
11935
8239
11867
5092
8883
2949
1422
3642
10430
15144
15994
13269
9819
6244
2184
15557
10145
2129
2577
10369
10318
15596
2821
16524
16909
4534
12942
1700
13213
936
3708
13206
15995
5115
11732
3609
9928
6983
6173
1179
9034
7252
9421
8535
12705
7463
8298
3370
17730
15468
17557
5930
13546
3682
6767
12691
8858
10576
6328
13903
17704
11442
3916
118
17057
3988
13473
9827
3442
4287
5701
11138
11343
7951
4532
646
17499
7322
10117
4973
16753
5750
10508
3466
15599
8979
16792
504
2581
16428
3752
594
15843
14236
11000
11274
4816
7570
4007
16175
9731
16736
2793
15598
5207
1698
10746
5857
296
2483
7628
7091
11389
4035
924
6681
7090
16344
13839
11877
15009
17251
14512
17308
10121
15489
1329
284
13333
11023
15565
1200
14934
6831
12614
16370
13754
16612
552
8268
10681
8474
7576
6552
14779
15013
3686
5915
13887
2069
6420
14348
1306
7353
8140
11444
14239
11391
16170
13543
1528
7122
1985
8995
15677
11068
6160
17146
4820
4106
6501
3270
9090
4606
10811
7818
17418
1525
4114
10055
12476
2412
6588
10649
17658
8376
11988
10934
16159
502
12904
13469
17742
10695
8032
16361
692
562
14707
11916
13443
1080
16633
5756
1876
6872
7579
549
10720
4916
12553
1788
3255
10289
10768
9446
13532
10864
8141
1001
12227
11829
11870
1956
15369
10736
91
8305
16841
479
15334
4018
10654
8119
5507
14714
6168
3215
3826
8225
17318
6663
2272
15972
16127
15623
13778
7670
16996
3597
10026
1789
14424
5155
15128
6868
6386
4543
1779
12221
16905
8935
984
4343
5616
14980
3525
8630
16884
17375
12696
6274
8558
2543
1041
13731
17515
7713
3733
8101
9858
17687
7413
11613
207
13346
10739
5970
5621
1758
9592
17646
13794
8605
8945
7187
6594
11317
1505
16901
16002
17642
10184
15736
1723
4735
14307
15635
11814
8891
9567
1088
2264
15134
5151
9822
407
1724
4361
15808
10613
773
3376
16694
12725
1496
12370
8760
8554
15671
5723
12406
13050
14495
1131
238
3308
8197
628
11032
3838
3148
10780
10840
3899
17453
497
2345
8774
6660
4490
7112
9803
86
13489
13299
1916
8247
923
3042
11862
7496
334
2991
7846
2685
13047
11227
3357
13585
17535
8148
16125
5810
12294
7272
3955
10344
2402
17383
15535
13237
9628
17252
5871
12597
9374
5486
8663
2509
16552
2415
6403
5534
2540
4604
16594
15158
14906
6126
6682
7631
3194
10146
2283
15067
11784
10250
14502
9204
3886
14046
8188
996
6440
3030
16354
3203
87
9636
13355
7958
12808
2651
10162
3978
3446
12344
13769
16130
638
13932
17116
16679
3454
17199
6040
3420
7365
15160
8974
15907
6185
16611
17491
15280
10901
15243
9601
9785
10127
11152
6784
11794
7142
14014
16816
6755
9308
8267
16975
8556
230
6698
3669
15533
5745
7795
8614
17762
12628
7411
3118
4489
7256
10894
4563
15363
10059
7895
11119
12211
1377
17493
12945
10595
16630
13033
8458
11064
4886
12477
15286
1498
13740
7924
3636
9528
8118
4881
15189
12156
14802
16882
17262
4316
11249
15155
4661
12240
6288
16321
12893
11567
6225
14443
7001
3449
8110
17137
4307
516
1555
7998
921
2009
11519
17424
8898
7602
16184
7772
1107
11841
8622
17389
9687
16235
13708
13549
4585
11341
12940
11896
4515
932
10044
1011
10009
15537
9739
1161
10785
14270
2830
15026
5215
8896
9930
854
16977
7027
9666
15424
13937
17070
9485
11009
13848
186
15423
6545
16785
14956
1441
12387
4207
14912
14662
7427
17579
6283
3941
16579
728
14621
13736
850
849
6615
9298
16232
10012
12995
13024
303
17451
6434
2633
11126
4378
196
8363
13260
7107
17525
15757
15202
14738
1896
475
8240
7788
7526
9868
10530
12789
11186
14226
503
4015
12879
14073
8226
6050
17597
12043
1297
5598
8070
13115
10461
632
15193
1556
180
1434
11445
11241
12800
2895
5445
7873
15644
1061
3816
2680
17574
6765
10727
54
12874
1879
10895
5728
14103
4676
11335
13844
8624
9613
12784
9343
15697
2791
2772
17266
9861
12428
6361
9405
2293
483
3300
9047
13876
700
3093
8797
14834
17331
15500
15827
14209
12956
3345
12833
16798
13850
15031
3697
1718
10743
12060
170
16079
7564
14637
291
1565
11219
17399
11031
9814
15935
13174
323
1260
4363
13859
4691
16615
1405
13305
8587
12787
2872
6757
17549
7777
13358
17598
15444
14819
4435
15746
12708
2730
5572
3812
1109
11811
3815
2514
9904
6521
8589
4599
4591
17153
5560
5588
4498
5792
7049
10175
3475
793
4332
17488
8155
7586
3577
14659
13363
8308
5881
16355
4328
10684
422
11529
4298
7944
9840
11401
7105
17732
11149
6455
3051
13420
6679
7412
4722
6923
13083
1841
13857
9194
10868
3590
5332
12254
4152
16845
16644
11114
11088
8856
15106
17682
8894
7709
10624
9719
13645
13016
7923
4578
3928
1787
10803
9361
3711
3105
10174
6931
9647
14278
9648
3963
17368
3604
927
4589
11098
3226
12047
10987
8105
16474
2407
1662
9520
12947
12602
14434
656
11062
14464
13396
12073
8221
3895
9735
4054
5693
17053
4371
15380
10955
14847
15779
6570
13563
14655
2905
12384
16861
8463
6985
5033
11011
17156
2762
9373
15344
970
9633
4460
4891
2906
12393
4448
5191
7872
4693
1680
12790
8640
2309
9334
15721
4352
15688
3839
9519
11549
5370
9441
9233
2292
7437
1084
3840
2806
5280
6345
13252
8175
7831
4774
7784
11443
10824
6638
1288
1504
5902
3736
10556
7985
11892
2542
2735
17770
2433
88
10224
16537
3948
14536
16403
4724
10075
7501
3090
3662
13727
12681
7819
13155
6112
9691
13729
7457
14541
12935
14100
8642
6924
14988
4587
9488
8632
1219
9058
2715
12205
12438
1627
5097
15810
5029
2565
16459
13386
1217
5606
8648
7395
2827
6524
15988
965
15077
3832
17558
1000
478
1799
8677
16890
8053
16303
10177
5776
8727
227
5878
6186
12658
12018
1292
12826
3818
3082
1085
696
2841
15481
8557
1800
1210
3712
16666
8259
1183
8728
318
6795
7719
4749
5538
13266
8526
11182
10631
4629
17660
11786
12501
7539
7354
3980
6981
3891
6970
711
11276
3701
2783
11975
6032
538
12173
2558
14542
1782
1354
16455
11289
12899
2363
4062
14849
4407
12825
17350
6402
16540
3865
13273
15093
9252
1664
5030
4573
3677
16034
17285
9181
1599
3237
8471
17042
231
5150
9082
1501
193
8532
5183
16529
2029
16836
13224
15823
11121
7521
12256
17708
14215
26
7104
13765
17322
1074
3660
399
7232
1409
4413
11838
1668
13151
9686
13059
7319
9908
8759
10769
9662
239
11912
15339
4158
3487
6495
12404
7558
2595
17519
2353
8274
9568
8988
1872
2834
12400
5784
13977
8798
2627
5500
8537
10101
1828
6782
17328
5694
16538
14653
16892
6674
16918
686
11168
5515
8329
14910
1059
15231
8121
5224
707
11530
13528
2505
7397
4756
8777
1327
9837
10882
10518
1436
13283
17466
1738
6915
9692
4249
7665
14172
6078
6230
16864
10463
16976
16651
17049
4462
16258
3806
311
14717
7797
4596
16871
2635
5331
1097
12337
15582
12710
5451
2133
11795
7957
1587
7280
10372
13575
6311
3431
2835
13263
1802
10144
1326
1830
17749
4551
12327
5863
191
9189
16709
799
17081
12371
10978
17196
2549
13378
14804
4321
7554
17076
7766
13501
12233
2879
3348
17431
13288
7453
10828
6528
13799
4522
12039
10867
13262
14063
10823
14658
13721
10129
17751
9164
13232
9713
7770
3480
16765
8436
3817
16246
8210
11140
13408
3146
2333
8330
337
11077
13336
5376
1174
600
3145
13020
5777
8547
16950
1878
210
7301
15950
584
10131
12298
1552
5460
13484
1877
874
6077
8768
8495
10279
2612
5352
16408
8059
4880
7058
6605
15975
14485
5979
3387
7930
13964
9126
16767
7814
8202
8496
3474
1158
11563
7679
12253
4175
12875
12215
12517
5041
5633
15743
5025
12885
1544
6110
3837
16129
6324
13175
1639
9180
532
4178
11007
4956
15074
13321
1231
16945
5964
7345
15882
109
264
985
992
7596
3418
15617
14118
16855
2106
7769
13694
16932
1996
2474
17347
13808
16052
13910
16365
4131
12258
14764
8419
2837
8692
11083
14624
1770
13676
13017
3201
1592
11878
4652
8147
17249
9736
14739
16265
17419
14303
17020
11028
4793
3795
1563
14026
12856
5501
16298
4742
12145
15552
5812
12731
11785
9749
9706
13248
9809
10658
12358
7556
4036
3855
9097
10303
9910
11458
3062
8177
14649
4127
13838
5849
8649
301
12570
9327
9105
8339
11390
15744
4002
10359
3921
3036
13381
6926
14074
9215
15055
7148
16448
9924
8135
6115
14825
7522
11893
2421
17274
4171
12528
16574
5419
6046
14258
7830
1145
5804
16940
6338
6019
7954
11378
8098
7030
13310
1511
6314
17235
4834
3316
12530
3897
10217
16870
9680
12951
11989
16928
473
9245
9370
15948
9147
12079
2481
15710
14767
8750
12599
5537
16517
11091
15312
3479
12479
2211
11882
1625
8217
12936
12999
17278
13913
2355
11456
2273
10764
8281
14710
10049
8026
1105
16145
10073
15661
7549
1028
7010
11865
10276
7149
53
14302
3553
5194
17197
13286
5472
6218
16386
2466
13959
3476
12186
4529
13888
7041
