2876
13914
1494
1327
4722
5415
16240
2340
15714
4908
7589
601
11917
12344
15709
12883
12561
16022
12746
12455
4983
2951
15135
9598
14376
13254
16248
15322
84
9143
6719
17411
15251
8638
2140
4939
10825
5919
5274
4946
14164
10096
12555
2040
13722
15298
12449
5417
6753
12612
12132
5968
13177
3369
9331
7065
17757
11613
2772
4463
6729
1110
4782
2219
8395
16859
3819
14361
6540
3495
9008
16040
4656
6055
15120
4859
15628
4738
6081
10160
9799
12658
13661
12058
12440
2319
7387
4659
16451
16808
8519
8407
507
942
1237
14109
13196
14909
13618
6194
1490
15139
5760
227
9124
23
303
7185
2244
2388
236
12927
1157
17128
6311
1412
13881
15089
9254
15694
344
14898
14095
7493
5174
6589
15549
7982
1019
3872
16615
10697
15824
1751
11954
4737
14219
8883
14005
13037
5351
10494
3718
11722
7243
13815
8996
15374
7162
198
16293
3914
11736
13399
2477
14690
1677
6211
16798
15237
4465
10662
2082
14905
2275
3662
12191
12882
7985
13953
13112
17277
2875
11456
919
14577
14938
15568
7475
11166
14597
16824
10977
10186
2496
7891
7375
9329
16530
1160
5826
3898
2100
16948
15977
13597
14227
6917
3252
4344
8018
8494
10139
8952
5360
3195
8004
4168
8898
7774
11672
10401
14138
16071
15428
209
13408
10379
4843
12734
2600
12867
11797
15190
17433
9637
8678
8599
4708
13005
10723
14372
14044
15546
9036
1135
12836
6370
681
14096
10802
4170
5399
13686
12340
9020
5447
14094
9722
346
12281
1390
4529
16575
15834
15746
5335
7015
11697
17105
2159
9231
7734
9445
5722
9368
16733
6365
16100
11100
4711
4097
8234
4484
6659
3300
561
126
2079
3461
7207
12757
2864
1367
793
7987
4660
16813
12248
1339
14416
618
705
5514
9287
4954
10454
2360
1606
16189
1497
15818
6568
17069
16038
14814
156
9016
9561
4816
4483
11177
1271
8610
13493
9495
13632
10628
16224
9136
9257
3907
15640
10350
4115
7811
1343
16199
16102
3446
12201
15227
10061
3215
15025
7347
8166
98
10885
3216
4993
11530
9056
9952
471
515
14136
1962
13975
12057
1587
1647
10638
614
1418
5040
14199
6304
15666
15644
3497
6147
2367
2845
3772
7839
11413
8816
7251
3320
7840
17022
5448
2381
9906
10513
11152
4541
6414
14899
11626
1839
10855
15660
5159
17584
2237
3962
11663
3228
10947
7042
14539
9932
15064
10180
10575
8061
4075
704
16011
10264
12750
8679
8595
4504
10178
10425
4024
1267
6095
1829
7047
9186
9987
10386
16429
11877
6751
5304
3097
1683
9798
1813
17555
7085
10059
4101
9249
11935
6383
12268
872
2382
7191
7855
1298
12664
14012
14916
4054
8465
13647
7053
16606
14483
16087
8250
12942
7923
10696
14549
14574
1600
13977
13333
12502
2282
12475
4882
11089
5474
11632
13403
7275
13622
124
902
9608
11496
4305
12080
8067
11972
1245
14303
5394
13066
12220
17455
4750
6442
3331
1369
4117
9364
16396
7844
9761
17594
2076
6996
13093
16500
7592
5902
9612
7044
14110
10654
8365
10171
17745
6339
1057
5439
3981
16557
14374
11573
9411
11629
11311
8457
7137
1148
929
15207
196
1443
14154
5911
4862
10036
5646
6234
4947
16030
6494
4302
16624
13115
2204
10856
8569
11944
9802
3882
16461
1817
1103
9119
9433
4929
4382
16124
17478
950
16603
5128
8467
6281
13986
13485
13780
17412
4857
7060
4323
2781
7299
8957
11407
10862
3386
3905
3338
8205
8481
12036
12059
13271
961
149
2655
8769
10567
659
8443
8088
1440
1144
15833
11202
590
10095
15373
6483
12540
10837
10255
16216
12291
10960
2801
3496
9047
12582
14009
6310
2948
74
8051
3275
8969
9593
10792
7908
12273
16876
17650
17085
16536
10652
2952
10074
12552
7814
10305
8744
12233
5544
2110
7074
54
13280
11486
8292
11124
14245
3083
11639
4951
16025
3808
9985
9066
3203
16226
10219
5061
17396
14718
3834
16233
6075
7248
92
7733
5269
11836
15194
11347
1789
759
6702
4586
6315
7110
14891
4798
12039
13402
16845
2888
2857
8475
9204
13495
14003
8838
13877
5532
7904
7433
5716
9184
7939
2132
5254
4999
2031
1523
15122
16134
6931
5557
891
3448
9589
17572
6169
15396
16839
5145
12307
10727
585
6419
174
7872
9877
2158
8727
1408
9882
8686
14553
10269
1462
11081
11988
17431
7673
16692
3904
17263
6806
6896
16563
17507
4403
10294
6843
6274
14603
14507
5785
3924
9977
4767
3775
6977
7634
12122
12850
10851
2950
8175
16375
8063
7257
8560
1919
4440
10289
40
5227
8192
3753
17466
4752
9233
11348
5480
15015
3200
67
11307
2510
6912
16160
11598
5691
3632
6811
16871
4815
16201
2871
1236
4804
16627
13849
6591
12231
4564
5153
1475
15779
17121
16155
12686
17443
7577
7820
6277
8245
16330
14060
2010
15034
15756
6858
9702
17345
3314
4028
11433
8963
14607
512
1316
6185
5960
4324
16778
1350
9483
14214
9938
15452
6438
11922
8720
9570
3645
11882
322
15305
14818
16803
11853
10698
7157
7253
9262
7568
7279
2055
8297
3033
14517
12280
17233
8466
3064
14118
13008
648
11419
5381
7464
13095
12464
9297
16491
3185
17225
8542
7841
6654
16817
15312
5487
16894
792
6010
5813
4597
9514
16263
281
13569
1045
12640
11649
7761
1543
6627
14534
15674
7784
5717
9955
6254
10206
16300
9048
11176
12364
3390
16117
9492
8221
13138
14815
9225
8006
17082
11643
7378
17383
6292
17331
11594
7067
6492
14806
14159
5108
10417
9509
16311
14229
12541
5056
2033
2895
4373
9588
12402
1566
7365
3855
15070
8028
17524
10693
14083
5363
13982
6773
5347
17388
1323
12628
2271
5787
6766
11430
6174
764
11878
7105
7444
5818
1448
17104
13726
14249
903
6547
8607
574
5503
865
998
7325
559
1850
2625
17127
15778
12699
13277
13194
3886
5106
15094
16643
10490
6109
14765
10901
15398
4456
1884
8789
11541
6136
10382
1590
5537
12707
16364
9064
16312
10614
13332
3356
1290
8456
1428
744
11372
8418
3160
6718
17326
10980
17102
14149
16004
3475
4220
5090
9717
7007
17002
10871
1689
10799
9192
2200
10939
9436
7638
1048
276
11356
13366
2207
3826
15520
5999
3646
6900
1379
3221
3746
1145
486
17339
6405
3936
5812
529
7394
155
4294
16626
11819
17684
8441
8593
16981
12863
11744
11256
204
10330
8316
2531
1904
3766
14557
6247
14781
1964
178
2330
8950
9852
16527
17103
17305
12754
17669
1776
16600
10083
9419
14688
9294
8603
8852
9190
8131
16566
826
11271
12396
7627
16957
7428
16514
9084
15423
5102
11175
7845
6545
9824
15273
13749
5795
8534
693
2925
2043
4761
14995
16770
14324
9468
5025
17286
14946
12035
10442
14262
17505
12066
10746
16614
2316
17009
5903
2992
3557
14962
16424
5698
16801
2926
5501
16879
839
4354
5819
9812
55
4764
16806
15443
3731
17172
13600
14073
4206
5419
700
7480
3994
15938
9792
6692
1066
11868
19
2719
7727
4653
17153
14028
2704
11091
14867
10759
11384
13672
8578
11729
1347
16992
5127
14719
13464
1567
10999
3142
9169
7642
5295
8579
11807
15616
11787
17027
6069
11673
17294
6282
13159
982
12016
12021
8740
9837
10572
10009
16649
12646
16630
2398
13103
6670
8119
16710
8172
11556
15082
4289
17086
4198
7867
13100
6954
1540
6695
908
7834
12178
4751
1514
3305
9110
1790
1771
9336
17714
16846
633
2019
11973
13305
8511
2418
6774
5670
3788
35
12000
4582
17189
10581
3422
3749
6838
11873
9619
8568
2121
2665
9214
10703
9536
14939
15188
10137
1385
16518
13984
4193
452
2196
589
15256
2748
15278
15442
16381
7557
5566
12403
3710
13543
12053
15293
10832
4202
7126
10730
16758
5032
16832
8503
14608
1308
2859
11449
17656
9503
11814
9077
17418
1797
5023
12143
17245
14570
905
1171
16454
3515
17232
12614
4783
8496
947
10859
2223
14512
8359
16890
11997
17522
3299
796
1086
673
15460
13339
1467
5713
12202
8071
9464
13959
17051
4827
13410
4980
14150
1248
6981
9129
10745
16883
4896
1882
10876
10169
4353
13323
4145
1215
10154
5700
15154
13511
1560
3181
14371
543
2975
8405
9207
10896
15091
13628
13250
1652
4952
15898
15683
11446
16855
6475
5478
8200
1716
15491
468
4904
582
16310
16386
15820
16110
7745
11122
442
2238
16407
15083
6778
15067
314
4953
8704
4273
15376
3065
17667
9973
15097
2339
17001
441
5851
382
4072
3099
3714
9982
16444
7861
8974
3464
6509
14610
14481
4247
1461
13690
10046
15766
2483
4877
2769
5034
3525
7989
3742
1147
13817
7900
3361
4618
11731
8917
11711
14002
7484
5350
16764
17494
5287
7331
9919
14092
13472
13797
7270
15012
8641
6309
1094
5033
6747
12558
4511
3539
4513
13887
13122
12580
12123
7574
12432
11522
2647
15769
7579
7043
6380
9435
2882
17747
1005
5383
13432
11637
8572
17659
3635
3196
3177
8537
16577
4379
247
7172
15085
15846
16329
14782
9960
11398
1940
7945
15554
7277
5758
17492
6198
5196
311
888
14400
5264
15466
15394
17346
9406
14628
2612
4018
6542
7080
9321
10777
17177
11803
1430
11467
14484
5080
17301
7262
4017
12979
13657
12194
13918
12367
10100
1295
8729
13576
9902
2467
12611
7689
1845
6345
12756
2435
140
13427
12333
17113
13117
14446
5852
1706
13043
12936
9043
15360
1896
9221
17390
4642
15327
16149
10667
953
4902
15770
8097
11872
7833
1866
13556
12742
293
348
4130
8134
12422
7108
13294
10967
6164
9275
8978
11625
13702
16790
17706
13207
13004
6584
1686
11112
11721
353
6518
14293
10271
10649
8313
4334
9168
1077
8693
171
9408
9272
1189
12970
17589
6506
12607
415
7906
7101
17696
7390
3908
15346
1521
15430
13962
1426
10889
9349
16663
13423
5864
11017
238
9500
2050
5382
9374
12527
14332
17052
11477
13130
7161
5126
17722
16608
7048
8795
10624
12996
3711
16550
660
15499
15502
14103
11463
17092
9000
10352
10609
921
4022
3236
17762
7705
12944
3523
1024
16437
6669
11616
1027
5974
5488
16847
9783
13274
6907
17681
1204
3149
16028
1159
5326
4913
14968
1851
5995
1212
9286
3894
12669
9666
10646
10302
8111
2776
9480
11520
14392
1981
11458
11838
2614
14421
13613
7027
6314
16655
1078
841
4111
10266
620
17159
3682
6914
15368
6471
6960
2253
2346
5607
13426
4686
3039
10807
1008
2305
4221
14951
11694
6764
1493
11688
4822
3031
16809
10437
5015
4825
16765
5732
7790
6657
7324
12115
3911
11786
5867
5324
13689
8788
6045
5771
13636
15238
8280
6619
3590
562
16137
1602
14343
14365
12922
13249
8733
7398
9794
9290
15892
13858
10421
3058
11204
12755
1748
9367
6477
13351
1510
6630
9246
9118
5988
12180
13811
11493
2355
17490
1805
9835
3144
1015
16693
4893
8271
2676
12130
202
4604
1959
11288
16642
1601
16287
11075
14813
15402
15202
16572
16042
3653
15947
16351
3310
8751
511
3993
8805
12181
10404
2783
8164
6197
4697
3123
5829
1570
17482
12929
11300
5138
12437
3006
1589
14783
5886
4049
14967
3222
4053
436
11420
2297
3704
16168
12325
2854
15259
11650
10469
11595
8877
17304
8420
13902
10979
3374
11816
13429
13836
6609
2056
12697
7063
595
9974
11238
10514
10467
296
8454
9541
14528
390
9532
1846
17161
8075
10872
15543
2698
851
134
3810
3286
16183
17708
17285
6212
12621
4095
5229
2067
8980
674
801
5588
9677
15384
3278
16232
380
9970
12725
17181
7254
14562
12315
12257
8014
846
6058
11984
9567
14677
14654
3913
6824
16665
10227
12740
14409
1099
11132
16524
5862
13630
1920
16636
11197
15424
2919
10184
12857
14048
1704
3218
14975
13490
5477
12810
7451
4448
5120
14992
17231
13022
6430
17194
12351
874
17661
8171
14302
6945
1146
731
7869
12916
7824
1714
15108
631
17135
13364
5007
2511
1623
995
14065
6388
264
17582
4570
16850
5804
4006
388
4187
7087
17380
13189
3833
1833
3933
3530
5103
8345
13181
11277
8767
11957
3901
10346
7708
332
8275
14299
1725
17591
17580
14425
11879
12425
1511
4116
10323
15774
12088
9015
13132
17566
13154
9
17528
977
6158
6252
13088
3926
141
7300
16554
9984
12477
2711
11084
6305
14126
16906
12090
2241
14706
10545
14584
13147
8766
15284
1371
2812
9693
3983
7520
8756
15804
9680
13243
11513
14183
11163
16567
6791
11022
12379
11597
13840
17527
14195
5940
9099
4037
13006
15112
16744
11974
10250
271
14788
5558
6068
490
4667
16493
2970
13873
15052
10768
3287
16118
15453
8369
4871
3486
1864
9754
15904
7219
13956
13341
8483
11901
5246
11952
10063
7083
5456
4455
1003
14809
6571
12481
173
14356
14826
6259
3697
150
11902
13660
9625
11687
1654
6228
6186
3999
11273
15907
2566
11337
8800
17024
3816
12690
11472
7730
17133
16139
12466
695
2957
13691
14915
8256
14576
7429
14100
12215
16062
14119
15631
17214
15072
1432
17737
1881
16487
2134
8742
14619
5533
76
12662
1358
11327
14024
5707
8393
9073
1014
14969
9009
8430
8662
13997
11945
14558
5441
15046
3397
17430
4171
17547
532
17143
14017
14112
9001
7502
8970
7314
677
15446
13099
3582
2602
10359
17182
2057
13961
10220
132
4299
12841
9390
6685
5024
14124
11668
8862
3281
12279
2877
3809
9245
8739
10476
9859
2377
5612
9670
1666
7952
17371
16926
3010
9958
4844
2482
3296
14604
1431
17199
14862
2093
11596
4074
4138
6142
7709
16670
2344
13777
12768
15819
9395
11418
5005
8235
4566
9134
6242
5286
843
14733
1767
4337
9298
17080
16709
2941
14991
9715
7992
14359
3892
925
5718
10561
10687
7073
15578
10309
6890
8815
9400
5088
13751
6831
16799
6273
1053
6323
17324
130
15136
11171
12262
5811
521
7679
13062
3368
10750
16701
14034
1266
7035
11740
14642
10177
10995
4636
13827
15949
9362
9229
6090
7132
11562
13696
11609
12062
7200
7322
10457
7822
349
11184
5244
15087
6049
10060
1875
9673
4280
7759
13251
15983
12716
11567
6689
13242
8113
8759
121
2649
8690
5064
9498
4975
17210
11630
11040
1976
6394
16482
12720
5712
11507
12594
4967
9469
14668
10941
4364
11424
6053
13278
9897
7112
12165
11254
15137
16321
10743
15427
1749
755
15975
5173
13864
1450
6141
4452
15706
13942
12089
4522
2559
5808
12833
15332
672
10005
4272
6526
9359
12479
9759
8331
5150
12939
14033
10337
3863
2629
5329
403
14932
9358
17475
16104
7960
9472
9518
13455
9037
14919
2881
16282
15989
16533
6927
10236
14779
13321
1332
17440
17734
10920
6317
9243
7660
6989
11779
7922
13538
16923
9709
11525
1670
6614
14268
17428
487
323
2246
11494
15019
11030
1734
1380
8072
6307
14111
600
12808
17270
246
11518
10928
7929
2590
13922
1313
12749
9626
3078
8399
10098
6041
16842
8620
4406
5030
10340
2078
11538
6541
8689
6803
3377
9035
1992
6313
1512
11121
387
15212
6321
464
10651
10093
1546
14799
15621
16540
11108
11274
6363
16913
5525
10713
15084
12141
8669
5240
13841
2442
10611
15507
4396
3460
3853
14684
11965
321
4721
6338
12986
6892
6267
6012
13809
11368
11619
16617
13581
14845
9887
9515
13642
15356
9854
16998
14551
2872
7525
4325
13237
877
14471
16569
14973
21
14850
5180
13624
12830
6812
13109
5463
11447
8135
15444
13673
11426
7561
8080
7430
7590
15951
2075
16296
5315
13731
8921
8631
8855
4215
7693
5009
1372
7571
17348
15879
8415
8110
14316
13057
2337
5273
13128
6231
17008
3726
7548
9582
4190
16036
13390
9123
3122
17691
5356
4704
791
13608
13439
741
16374
15803
5820
17089
15797
3617
2794
6978
2157
16251
8350
6476
16777
12253
6735
13270
8468
3258
14236
5692
9912
2066
5193
5909
14439
11260
16763
1444
7371
8728
7554
9546
9911
15182
4613
16302
17548
1522
8576
1109
626
8357
16436
14817
4987
14752
8932
3295
10719
15986
14086
5403
5423
10616
14246
11659
10838
5312
17228
2509
4901
4863
1698
11936
1202
10673
14889
15615
11524
13160
3624
15974
12108
15798
12889
649
962
12888
16783
15081
5710
16594
523
10582
9117
14451
14008
9553
3244
5238
3769
14027
9220
6251
11627
5973
6738
8224
17006
9763
11258
9100
7746
7749
3574
5216
13229
7977
8414
3629
2767
2610
16753
15914
3235
3211
11101
2167
12736
4539
4753
12508
3848
11987
4990
12844
17140
10840
13992
12965
8023
514
2308
12278
2369
8798
16694
5471
15745
17749
2532
10119
14559
15387
13906
6805
12168
16945
3951
15676
11751
2021
80
4635
12321
1743
14996
13936
16729
2696
7311
4241
10491
5775
2638
2697
5014
369
7531
9652
9688
3427
334
7836
1095
17567
788
9033
9786
5147
1731
14363
2070
14948
12343
206
8513
10834
14787
603
5989
3725
16069
3450
500
17278
15996
8967
6093
7026
455
10247
16152
10663
15017
15915
4317
15080
5046
17495
4811
11488
1502
14972
3628
9322
6538
12567
12507
5086
13448
14053
5434
9579
7630
13025
5690
14903
743
15473
14634
14478
7587
10935
7622
11741
17764
6002
5662
14554
6229
10333
8206
14000
413
3370
4096
2030
9191
16706
901
869
1344
14205
11362
11194
6877
13948
5986
2118
1098
13805
2001
15964
16586
914
10043
2583
1226
17230
14957
7449
5161
14144
10460
711
13136
14857
13974
3282
11229
2588
10458
2572
757
2855
684
7238
10451
5405
1218
3303
16735
17624
2627
7526
13519
9014
8776
3508
9189
16789
4556
1173
4410
13652
14854
11733
3392
1152
4240
6088
14825
17765
12469
12759
12187
14758
7726
3042
6470
8426
6612
8406
7066
13800
17238
12096
13042
5799
11931
2643
5781
245
249
5490
3415
5643
15551
13375
10275
2378
216
13574
8520
10946
9244
10653
1583
17071
3518
3413
16342
2406
13659
2262
13707
7521
1456
16258
10504
4435
9212
12955
15075
12427
8829
4748
9555
4329
6638
11773
971
6417
3454
10140
5516
127
13348
3556
8796
5663
1454
11500
15999
8274
10181
5446
13239
14535
17062
7142
5343
5947
4047
1240
10312
13666
8941
9650
11551
12467
844
3555
16193
10523
10903
3505
12023
1874
4253
8706
15532
17682
5791
6302
7915
17297
17590
446
1954
9914
8060
4682
8401
8178
10843
2187
11900
2366
16387
13484
10715
6129
7586
6232
5355
6908
3986
13987
5703
12134
2591
6478
15563
9479
664
13808
15391
14171
12661
13733
14527
16256
9621
5604
8672
8
4836
4762
3339
13356
13431
9078
12495
15055
5635
6426
1532
8008
8471
12583
7333
13344
11489
11550
14242
6604
2478
449
3038
14508
17763
9024
774
17354
4129
10128
2993
17698
5861
17047
17259
3665
13024
6728
5519
17608
16947
17477
14698
1029
516
2980
13417
6581
16399
17018
14408
3950
668
7425
13697
17258
10414
930
8199
10850
5636
12103
4242
5581
1931
1957
2938
1914
4747
10257
12082
2870
1723
12275
10288
3721
17241
15528
4167
10461
1263
2851
1180
392
11820
12009
5838
8935
2285
2507
12578
5866
2896
6076
14233
5285
13637
6535
9238
12866
8826
16711
3335
6473
6648
8422
8667
16196
17201
13456
15274
13909
16340
5611
1662
3925
7276
15105
1568
578
11543
4169
16467
14344
7377
10534
4106
2518
3224
17508
5945
3547
5920
14913
5082
14031
12476
1951
9624
17514
3549
13217
8618
17366
10320
13791
2022
7961
10556
16366
7978
17372
3089
15700
13631
17481
7546
14875
682
13963
3565
12947
11622
12855
14918
8439
16816
17662
1362
7605
14174
13188
13325
3729
1764
1439
11039
15053
4140
16365
11795
5630
7649
9105
5794
17451
9838
11852
6544
8747
14958
13072
526
9738
13629
1690
1229
11210
5185
1594
6466
1669
968
12859
2904
9090
17622
2335
11172
12918
9177
12417
16301
16478
9232
8009
5667
7876
14953
6386
6852
16320
2470
9279
3675
3063
12902
8193
8307
8870
15647
3943
2487
14844
546
5736
218
16988
2498
12457
7020
15678
10222
10643
10748
5050
1700
6986
6664
8628
5062
6005
15077
8155
14
737
16010
9305
2517
15690
2286
14812
9170
9098
768
16371
8732
15255
10518
617
10277
3127
14842
9896
17724
4651
4528
3073
11572
11669
15282
8604
17353
13843
13908
12999
5994
8624
15513
4925
6742
13545
9516
4899
8746
9353
11193
1798
3414
7107
14615
12155
2443
15696
863
3866
11346
4209
4515
8510
8140
12925
3577
2879
1613
5464
4493
7136
8858
66
832
4681
3032
14821
14433
8189
13065
3223
7853
10783
13890
15526
1398
3102
2194
1477
1687
16773
1080
13082
15943
435
6335
400
15008
14770
11415
13363
12319
14928
5887
847
17769
15516
6268
11007
8737
8995
14890
13258
12806
4152
14188
14097
11516
7033
13377
14565
16430
9983
10151
16920
14105
5810
8042
461
9418
12171
11855
17463
14349
3199
10459
14763
10641
7597
10468
13272
2515
6711
17558
4736
2263
10536
11903
2499
13193
12959
630
16206
7169
8434
16599
13900
2725
3070
15927
6066
3138
8432
12721
16247
10355
15871
4720
8306
12393
14336
3593
6285
5858
9542
14411
9428
5053
6503
7812
6071
1170
2436
1437
9091
15760
6034
4073
9022
6423
6245
2730
17256
6264
5003
3163
4314
10032
3408
5391
17108
2802
17744
7917
10554
11041
17452
16187
616
12975
11479
11537
10813
6605
2434
3900
4684
16178
9023
1912
14859
4279
3119
14338
5595
7875
9343
10455
6655
10532
7696
14511
5912
3107
272
16058
14386
3759
2170
15285
11183
15347
1708
8247
11916
5117
11784
9038
6715
2797
15088
9147
11400
494
13397
16449
13470
10114
15429
2530
17180
9733
13318
2756
320
12107
17007
5166
11599
15675
16474
12811
13311
4771
12899
15321
10679
3051
16162
9747
14924
1879
4800
5513
17271
9819
16423
11749
2072
14052
1321
13070
14777
5181
6495
2832
15576
5916
3673
10736
11766
12069
2464
1843
1120
14792
10378
16358
6220
9237
3623
7755
13213
14049
14629
15434
2242
3510
9218
1868
3770
13383
3660
4092
17370
3666
3145
10987
5437
15086
9188
6599
16442
15230
12244
9616
16990
16164
137
8361
3778
769
5134
1685
11465
8239
10111
11506
4772
14548
6062
11805
7528
13633
5801
16531
11457
8699
4239
14298
10103
904
3060
13588
12908
10195
7163
16843
17349
9635
8227
9111
6971
17404
8994
13824
2182
2298
8929
11645
2512
3971
4311
16582
2000
10913
12357
5941
352
12853
14077
13288
9482
17587
9161
10282
1537
11469
8078
5931
17419
5928
1366
14328
8160
4655
1952
17170
7588
5071
11416
14767
16200
14240
4339
2334
8304
4426
4817
14305
12406
11976
948
15186
8400
1989
10440
10600
13605
13706
10933
11948
5089
12285
8617
8611
11874
17447
7116
4864
15002
16082
8287
3363
10142
8512
15540
3157
8820
2239
2630
10331
10822
3502
3747
1968
1855
399
13241
14461
4679
1942
13180
15509
8478
8691
6713
10578
14234
11006
8177
11582
8836
5578
16266
4173
11450
16767
10263
9901
3323
5723
10975
4328
4866
10261
12610
14494
4082
8695
5197
12974
3294
10857
12335
5495
5092
17043
10815
9694
15011
13682
14175
10307
5849
4784
7061
6828
9216
7584
8721
10338
7971
1986
16334
11834
6665
2524
10097
8162
9770
16207
12276
14436
8424
1177
14754
16034
5116
1279
11642
1611
6089
2220
878
3259
7124
15917
2252
10864
4401
13197
5568
7064
6990
7441
14665
16472
12515
3212
4889
3405
1155
93
11871
11981
11090
3289
6280
6901
11920
9318
3072
7481
13685
2905
823
13421
14197
1191
13186
16704
4846
5500
2554
760
4532
7728
11155
10445
17293
13176
2932
6330
2419
12300
15289
13074
3511
2715
4348
17206
9813
15367
6440
13785
11054
16838
9141
1524
15715
4593
6925
9051
10351
2685
1465
4457
10466
5673
3137
5210
6860
1052
10464
3406
4524
15345
10363
4443
598
3591
15372
11487
15385
12448
4425
17377
5397
15314
11109
1046
15028
4872
16133
5753
14434
11794
14437
7369
17197
15727
4527
6026
11070
13282
6316
10666
15340
8531
3869
6529
6413
14449
1491
10065
4080
8515
6814
7111
8058
10019
13436
1889
2762
8802
5767
5991
17633
312
17732
4219
17174
5786
12326
8001
8517
228
6678
16963
9779
3062
1835
5031
17421
16249
3521
6829
7637
8241
11772
3166
9083
5669
8659
2873
12703
8378
8772
6206
8708
2313
4234
6553
2465
14961
17685
10310
3008
1640
4779
7534
17568
11074
7831
2874
8163
15991
6213
13324
798
17118
9756
2317
15358
11689
3507
11708
1049
13437
7330
8764
2953
185
17423
13365
13892
5602
14702
16581
8279
6100
4712
7252
15891
9175
9280
14487
15436
9527
11593
8823
13035
3638
726
10551
3696
4918
3887
52
9653
14878
4427
17120
13343
951
5824
12647
3841
16390
12980
16345
3088
6355
7280
1196
1860
6046
2333
3813
8605
6583
17269
17123
8587
12886
13411
563
6051
3478
2255
7517
3451
11466
1785
7918
9547
8120
4965
5203
1934
1517
8154
5364
16355
12989
2371
7071
15339
13708
1842
273
6647
12900
12831
14582
4205
3388
7614
14348
9282
9923
367
13752
15335
3684
1545
10755
9832
3164
7302
15596
2959
12964
8146
2902
10773
5699
14081
8540
7081
14950
15559
17021
97
12590
7145
16667
16400
5305
1127
8086
8218
9127
1870
8309
7202
1434
9474
17163
1982
16740
8489
13098
8043
12791
11026
16476
13772
11547
7699
15877
10803
7740
3238
4341
13469
3018
12521
6691
13328
15728
7823
1496
3513
12893
3430
14263
6013
2059
12308
3977
3362
14659
16697
12434
14383
2954
5330
11695
5135
6409
4876
8482
14514
12780
16854
3570
14834
1158
9300
154
3364
8532
13089
10520
17459
8322
13904
16130
7195
15185
16431
6032
9704
11027
17046
15783
14288
13216
16380
6510
4003
5981
9690
6199
1182
242
16977
7447
5224
7639
13891
2106
15970
9320
8181
6681
10016
5079
802
14655
12807
9234
12002
9144
2310
6118
12928
8676
13268
9810
5346
9604
12511
4503
4154
4509
12960
14104
9383
15158
9423
9998
11462
6889
13230
12639
7899
13226
2251
9467
4310
6921
4218
15561
1013
10959
8781
8419
16924
11328
4036
2860
12345
11140
8451
12954
1276
10694
5706
15286
4298
10085
2551
5167
2486
5492
12018
10580
13825
15389
15936
8500
16695
3474
17045
3276
1319
946
4778
3745
8668
10225
13766
990
13994
3885
4156
8168
10334
10175
11357
11604
15354
8005
7682
13917
7130
2450
12431
6336
17620
5374
980
4944
10705
1435
6841
10224
2717
733
3153
5969
13561
14731
17083
1803
6859
14108
16625
11244
13981
11437
14729
8777
4462
16409
16936
14543
17289
11201
5738
177
7931
4179
2208
28
16760
476
12938
9447
12876
9366
12609
679
986
6003
10226
4733
16453
1285
2699
1910
5199
12110
5239
14470
254
15659
15982
5953
12028
7988
6391
4576
12500
3694
6752
9306
7106
15679
4260
12592
1921
13434
6746
12790
1105
1985
16949
6468
786
17422
10833
10296
13404
1242
3844
11576
17461
9683
5510
13606
11635
7201
7360
13164
316
4966
17049
17154
5917
8214
1847
7326
10243
16048
14807
309
13391
17141
9219
14591
8054
2842
1188
501
1987
13816
9807
9975
7323
6253
6722
15901
7956
14223
14364
14541
1895
5107
10360
12645
11958
8856
9326
17395
11369
10507
2345
7797
13927
8276
1738
325
14107
8600
9856
7943
14334
12435
339
1655
13599
17502
8757
3706
5975
15591
4920
7791
1995
9053
11133
13587
15063
3292
14325
10905
15886
5194
1070
569
12533
12538
10530
16173
8743
16822
12814
7438
12984
11165
8649
4477
1357
2742
10791
557
15976
11190
8486
13378
5705
916
12295
7131
4414
11864
9504
3764
7926
12369
12655
13989
2150
15618
11956
119
13889
13542
6379
1376
16077
11323
17711
16353
7155
14886
11126
7997
16372
2560
16927
8317
4916
3670
16349
10618
15125
7129
6036
6192
5657
706
1579
13303
15239
9361
1555
9182
16209
2184
4760
2109
2922
15310
13714
10982
14452
2320
7457
4969
12063
4296
11417
7809
7038
8230
10620
10626
587
11674
5773
7535
13784
12824
10348
8833
10763
9530
4565
9158
2664
1409
15216
9675
2869
15283
11396
10874
347
5650
15036
960
2473
14819
4114
6209
3642
3488
1948
7103
987
4128
12680
3777
7979
7794
11298
12931
5124
8403
11361
15956
16769
3148
16826
1397
16907
2138
2293
2800
122
11333
13459
6127
1651
7901
1503
14504
4808
12531
17387
3152
2726
9540
10686
852
14312
13604
8900
11600
14694
16607
7507
9841
11211
1097
14232
3604
8185
12428
9957
11053
7657
16703
9396
2130
10599
11448
3085
15597
6008
1060
12730
13019
15457
15545
5296
5184
17457
4963
1825
5
7184
2007
928
3005
7953
5979
12676
7290
7242
3806
1695
4860
6807
10007
15210
11975
11365
10370
6179
16742
10537
1093
4048
2288
2617
162
10565
2790
15477
8880
11179
15603
3569
6699
1272
2290
7777
3439
4158
12228
8253
15268
2657
11359
10463
1023
11042
12914
5319
3541
15425
16864
13461
12368
15738
12041
10633
16677
3251
16741
11963
8488
16122
17592
11655
9795
10371
16191
8663
11589
6588
289
973
4650
5498
5596
6768
4643
17343
11349
5587
16426
8643
15164
8480
13937
75
6875
6930
9115
1999
7156
6163
2569
11517
3610
12781
12501
9413
11049
11989
15211
16874
15171
6632
3852
462
14430
15219
15681
5428
6520
13416
6065
14755
5896
489
15313
3357
4585
13818
5129
9058
5531
11641
1116
6496
15307
9568
11605
10560
6167
2428
10052
549
2597
12553
467
7818
8566
7420
91
5743
10462
9894
6615
12873
1597
7240
4019
10881
10981
14064
12990
3537
593
8508
71
10477
899
16273
6649
10138
13389
15382
4356
12968
17257
3941
13499
12361
4497
2265
3403
4801
6372
9746
10185
3727
2814
12223
14058
15994
17218
12546
151
10898
676
8954
159
11295
15420
14114
12472
11910
11312
95
17673
5109
5460
15234
8323
6415
16982
13968
14617
5575
10023
6406
9638
9736
6688
9149
811
8373
7884
5708
16119
14647
9319
15010
12776
13101
11397
3318
4098
13965
2645
3316
10817
3194
16659
15843
2484
8360
15098
5894
10427
6086
1535
12599
14076
17718
8025
7078
12819
4407
10587
12744
16127
11063
7291
4937
10688
17015
13486
1261
6074
17139
10785
4110
611
4042
9107
3480
10974
8525
1082
3947
14637
2359
15379
9630
5458
14152
9578
8343
16542
13761
16479
10126
5018
11432
6862
7599
8755
14067
17058
4148
16893
9724
12102
14775
6279
16653
2964
6300
14141
13451
4936
16316
9908
3136
2148
10498
2426
7830
10677
14560
14307
12817
14225
11235
224
16000
15204
8573
16896
11992
1627
9646
2180
17158
9273
2549
8194
12446
9997
897
8545
14873
14063
7856
10772
11553
1410
16772
17609
1324
103
12473
11315
9706
15829
5502
831
13267
5668
10796
16159
4557
8971
2195
5414
3117
6905
10283
14920
12456
738
14598
5186
12086
16831
4340
5733
360
11640
10787
5163
9041
632
13357
15809
11234
11250
8315
6319
17552
15789
10814
2628
7273
2825
1508
17426
11162
6531
12332
5311
5966
7472
9927
8184
2162
7619
1481
15044
13466
6022
7710
12412
7340
10332
4835
6079
5734
17313
9943
6705
4579
14358
6116
11236
6367
16220
4549
3567
3961
15500
3242
17066
16056
6653
129
310
3492
2155
13925
14147
7453
10089
1009
3074
3774
4270
17374
17093
15277
2621
8674
11386
6596
3566
15119
9125
12652
2694
8010
17063
10423
6532
545
661
3494
9575
13227
16475
2653
12851
3667
13297
13839
9926
4418
1205
14572
15587
6980
9703
915
2856
6646
14161
10836
9160
2051
857
1563
10621
3256
6686
7025
6312
15937
3479
834
13184
6397
7687
8139
16267
6040
15720
7779
9597
10070
4657
12569
16456
16602
16661
9065
4517
14410
11563
6173
7208
13829
5601
885
11441
4700
13500
8981
14102
10012
1808
16213
9431
8538
5308
16551
3037
7423
1531
4103
16041
10966
17513
16609
9351
779
10847
8636
1234
11052
13621
12795
2002
11628
6275
16338
7688
8991
6826
900
4897
1033
2221
1415
4997
2455
702
12847
14830
17766
4950
15169
14220
13039
8319
15483
5357
11906
993
1161
13593
4274
720
4691
472
9450
7911
1739
15602
15357
15349
17450
1763
11994
2269
13198
17235
7504
11724
4419
14640
1828
1917
2073
3087
9720
16276
16860
13289
15039
9241
16669
4487
1552
4295
9252
1030
13014
5961
88
6328
16291
16810
16840
17571
2936
13075
10055
794
4321
2820
12601
9240
3683
784
15062
2017
4020
5978
7017
15677
2593
2739
9154
15485
1455
17059
17261
10657
9328
5101
2141
6955
11239
12008
12334
2063
15765
3801
17281
14949
795
14522
8919
15954
3023
11215
6516
2562
1610
16997
14200
3055
10510
1243
10584
6549
6565
2501
2039
2457
9427
7612
17506
6755
6906
789
8283
16153
4127
7617
1553
9040
5233
16090
16830
16065
9684
8983
8017
8822
14566
2413
6298
9874
13174
1745
13489
158
17087
15183
3173
9327
14407
508
11539
14880
1111
4308
17501
9685
8961
2264
16317
17736
3233
4572
17247
2181
5846
16348
5489
771
15153
14997
781
17617
16262
14377
14590
1374
1718
11739
15924
4584
2574
5538
8940
13144
6864
9511
391
6288
12875
5462
15267
4984
7620
11961
5745
12510
17150
16292
16672
15535
5010
14241
740
583
4907
15032
11845
10438
11001
9260
16469
9444
12203
13087
7293
3705
9453
6732
5337
16099
14098
8658
14398
9019
7400
17138
12077
1811
9267
6112
11606
17196
16823
17602
11636
639
8666
8412
12237
1580
4802
14184
5290
9363
5948
16496
14896
11245
6608
7522
13934
15033
11763
12557
16464
3241
4848
758
16008
3341
9863
10899
5642
9470
11306
7826
2447
4225
11391
9013
14405
5206
13807
6146
14509
7852
14190
258
805
13586
2380
16580
7803
15753
3972
3373
31
955
4742
13454
8326
16151
12485
13723
6289
8347
11966
13433
14974
4674
15132
16702
16404
1747
10540
8032
8555
16681
2287
7897
11938
2545
7621
12430
11725
13400
15635
6600
5182
10380
11656
12846
17267
15401
6193
1064
7362
9789
3501
11767
11038
7661
5807
11115
12324
10394
3786
12797
16917
6698
14394
5922
12865
9102
2303
16432
8340
14810
4113
12905
12261
16662
10893
4011
463
13776
5365
7725
3213
1079
3672
16504
5848
2479
15805
4699
2577
1359
8591
10505
967
15000
4562
7259
602
12845
12121
4468
2489
4161
16421
11927
5012
9596
3490
8660
5368
11894
7113
4212
1085
64
298
13158
15133
17408
11895
12292
15771
15822
16892
14113
1331
16851
2495
7959
17742
3893
9198
1252
10058
3131
6920
6772
12559
2579
453
9712
14871
11019
11747
6145
14661
15031
424
10303
14211
10860
8526
13337
1615
5997
11574
17665
6176
10936
16205
3350
8273
2737
1452
16593
14125
4810
5577
7807
9574
14283
7558
1661
7339
7986
285
11207
3333
4439
9566
3822
12400
637
329
4774
3796
14280
4569
11009
10622
13036
10122
15166
10343
4055
10558
10717
1123
8859
16106
13523
11302
8713
15800
1955
14960
10198
9104
7656
6445
12216
1801
4847
8260
7748
9506
16611
15458
1762
16448
17712
1844
13928
2096
5263
200
13276
13157
7879
16905
7317
5774
11502
7806
1219
5597
10983
10842
8586
7927
14273
12923
12150
5863
1420
11095
10700
4845
17515
419
14533
1823
7477
499
4231
14762
5890
6398
12982
2703
13170
8158
8712
5701
10640
622
3912
9860
6825
11222
2903
14675
11885
16231
5552
16895
372
12587
15658
5540
3493
15352
8625
2185
6832
17569
16024
4464
17016
12783
9839
6789
49
11317
4015
11319
11068
7874
8857
9342
1721
12138
808
1091
5388
13595
996
9392
16278
9465
12336
5449
9350
15303
16138
16481
11385
12890
1674
11351
3712
3990
4617
6286
7030
16052
15623
12803
4131
3209
8048
11831
5349
1534
14723
3280
14635
2119
17432
15737
10205
2667
2827
2423
15651
6337
17546
6276
2156
6111
15732
3519
4409
16925
6236
14290
11953
9601
3544
2356
9713
14061
10403
12648
8267
8615
9097
7846
15721
10798
13952
14495
15664
7940
11118
619
12348
12526
14982
14847
17652
4926
14010
1733
17680
7332
11615
13598
12158
15390
13340
4038
6271
12673
13104
3321
16341
4884
10003
15377
16182
13725
6070
17275
1911
15542
1696
7496
8106
2254
16556
13091
16836
9739
6884
14801
16537
13086
10639
4971
12081
3205
8972
5576
17643
12700
10419
1151
4508
1599
12898
138
11375
13094
1559
16743
15512
13870
14040
4695
11823
7675
10144
7650
8794
9941
965
1463
12290
17280
4223
14181
17334
3812
7538
7476
17185
16538
13699
13326
8646
16555
10661
3455
1557
3402
8240
8621
2131
15292
15127
2097
8092
2918
1936
16952
6293
14666
848
1711
11225
12056
15810
6114
15493
907
2042
4057
15519
17216
9875
12247
3284
16194
7804
7077
13385
2528
8987
17715
7560
939
7570
10668
2092
8034
2811
4336
13420
2023
15815
7895
1365
11633
5491
5234
3829
17410
2909
12695
9108
15527
8046
954
5570
3500
15835
6240
15573
8473
11893
1018
5585
13701
13247
12978
2280
9564
813
2733
5268
819
7967
16675
7865
12545
16889
14087
5580
7721
12320
6763
4466
7892
5230
17557
15131
12708
9972
1125
6788
10564
8398
1217
5073
9256
15713
15634
11579
5893
14422
9607
12921
675
47
10399
1883
4039
335
2883
6371
17337
16646
15249
9402
8217
1786
13572
1769
1638
14335
8293
5352
16863
10938
15744
5776
6790
12535
3376
365
13705
1504
4763
15849
5395
1620
6050
16174
876
11092
8380
6487
17531
6168
5908
5270
7542
1609
13208
6590
16154
1001
13373
17486
13799
8081
3640
15960
11088
3740
4119
13638
12420
8999
338
12948
7036
7249
5036
15272
14855
1897
12209
16433
13947
11583
12901
4673
13646
15141
11846
11185
16795
12060
16720
16574
1039
11777
16774
560
14863
14326
4420
6183
6017
15222
11837
16470
3385
14993
13291
6420
3044
15478
14353
17754
9814
9461
8020
13910
7756
4982
14355
10887
10210
2054
923
14393
11143
15337
6215
12382
7072
2976
6871
7925
15650
822
16771
16347
12492
13156
14529
12349
5222
15262
14926
16060
2136
16204
10077
280
8801
429
9744
2385
135
440
4315
5442
2946
16571
7553
1861
10964
12766
2104
17364
16792
4177
15593
3758
14418
5151
5634
8979
3009
11051
4332
14036
10943
6080
12953
2336
680
9165
8748
13878
9034
1090
10429
11570
1972
14945
16144
1274
15058
1453
2960
1947
15121
9140
15433
297
2751
8368
9537
5200
12747
13534
17040
11660
1436
3351
8416
3724
6869
13991
9936
1333
8161
14753
10022
7543
5980
2947
1827
8912
7935
2164
2529
17719
1335
11161
3955
11048
5247
16228
8065
3105
7383
552
1656
862
15611
4640
15667
9456
1485
1887
10453
226
10118
7426
15882
17124
5284
16259
9781
1012
11692
4977
12224
6580
4366
2542
13713
5584
15047
2024
5412
17618
16059
15878
2440
5638
4490
6970
11658
8750
6952
5955
15933
8318
7963
3988
12597
8402
13960
12562
15782
9512
17039
14840
8298
13845
829
11930
11737
6500
5427
13293
8844
7556
1758
10831
44
9333
13232
2784
11484
4914
4450
8352
3625
1355
15100
11727
16394
10413
13526
13715
11621
16460
3910
9660
4590
6373
3915
9313
17065
14989
3967
1676
252
10784
1787
886
10924
6683
1388
12651
12363
613
6563
9471
9345
41
2894
8145
14998
7382
9986
2488
8585
15409
5574
11264
1946
13424
8876
17375
15569
1131
3985
17260
17137
16522
5631
13007
1571
16489
11844
14042
3637
15642
14521
722
377
7896
7566
56
16562
8778
9069
9006
3118
17753
13911
13828
146
10676
773
16688
192
3715
1525
12183
13782
17484
3469
3028
2743
4217
12258
15413
12932
10228
5168
4793
8265
785
12046
7762
11971
13896
9776
1520
5885
5435
1865
4159
13847
11996
12048
8574
8596
16730
12910
14469
6461
2424
2901
2813
9780
15260
7089
3438
4304
5104
10361
13740
3431
12892
11980
1044
402
5327
7913
15785
10326
17748
13719
13044
16306
13179
16125
7461
6622
3324
11290
14650
10078
11714
96
5450
9174
670
15163
9672
7414
3147
6489
7851
2513
1577
299
17544
5720
12410
1941
10812
6777
1832
7487
15459
12991
8324
16192
8121
10308
13929
5589
11321
11813
16373
4724
11303
9580
11136
9121
14401
16032
7641
17122
33
2085
5175
16084
9145
12715
7150
12222
4056
11967
330
6870
9399
14500
9751
2189
2351
15888
12784
3179
34
9654
9334
2824
5740
16166
10002
5112
11402
17460
6873
9292
17162
14193
12969
14964
2083
6395
12252
13045
9391
3700
7647
6187
17720
2536
283
3133
10682
12598
4030
16583
11614
9981
654
8128
11869
16392
14117
1393
16910
8040
2088
15626
4870
8562
6171
16541
1710
15441
4567
4500
12312
14202
4137
10422
10406
10400
10547
3824
3000
5455
14722
1183
11503
4232
13309
11445
4805
16245
13418
2663
3588
12874
14167
15556
16083
4229
16304
3929
7134
6098
16413
5755
5625
3253
12913
703
934
509
1943
14730
14403
17311
1479
7097
6052
17274
16165
10234
15174
828
15893
1873
699
16145
8090
1255
14764
14475
6435
6982
6452
10586
11186
14142
7366
3159
15908
2689
10951
12044
13912
16393
14984
4602
6446
3025
11378
3690
12283
15265
3075
14820
16791
5271
14618
6891
1671
12052
5936
12297
17570
1471
1342
1178
9791
7615
6626
16050
4431
10531
17193
15481
4269
3654
14019
12769
15590
3840
14488
3240
15806
12605
12895
16928
14278
12463
1513
1222
17207
14350
8213
15856
13568
10446
17192
5603
10412
3546
554
9648
5874
7632
9420
16132
2609
1457
1154
671
6830
12615
9347
5918
2581
3689
1927
15691
14462
10297
11728
13620
16561
11686
4588
5686
6214
10409
7225
5859
638
697
4959
14341
9760
1549
12704
13450
2191
14664
13273
4766
411
4609
17145
10280
6673
2143
5828
1382
14041
715
1541
13415
15042
14727
6576
17057
1360
16120
2192
8116
7346
12770
3723
12687
9288
11915
10702
15794
8179
15583
14281
12118
16398
5620
8094
2258
9617
14378
597
5400
10281
8284
493
1867
12864
8173
15524
2660
13
1977
1476
10764
1378
9803
2867
7964
3562
10132
17292
6904
7376
16333
3061
17125
6857
8266
15861
13401
6439
13671
9205
13680
2427
12414
10954
105
8924
12967
6063
15768
7585
2891
12524
2311
1793
7328
15633
14289
15557
12665
10082
11832
15469
8546
13055
10906
17560
9695
12193
2669
13316
8037
7284
12818
2490
13730
3433
15395
13457
10950
14153
6602
10976
13609
16161
1195
14203
1113
3595
1297
5593
14091
12084
17178
1595
13639
8330
11002
5633
4488
1991
15866
5855
9153
7645
2702
6237
2009
5309
17291
5083
12163
17485
17446
12038
10246
14133
5493
11083
5325
2329
10623
210
4768
16465
6462
8563
2761
1633
4368
16578
13063
9825
9499
2080
7211
15479
11216
926
12949
3779
364
4142
16903
16868
3992
7236
9904
12560
10306
10597
6453
12688
484
15152
13222
13607
5800
3394
12128
13507
4621
11203
16288
1305
10267
4507
3583
4740
3192
5647
12272
8062
16021
5410
13443
2718
8460
12394
307
11719
4438
9120
10965
6294
2122
1377
7603
16932
3101
1246
15489
13033
1384
10239
9729
1950
4122
6712
14954
14310
4890
6586
17642
4378
11066
17198
36
5814
398
5380
7115
10559
8346
5572
12832
6387
1101
2350
16264
12264
12124
14157
3606
5476
16738
11933
797
6943
6327
12543
2403
1484
12852
17516
6407
625
3851
8479
13171
1582
375
2454
16931
10026
15692
749
15796
15095
5027
13292
16858
4265
16532
14286
3230
5486
6270
4151
6577
9543
10241
17072
5796
7260
3699
13970
6564
7222
3108
4066
527
1965
16246
7754
3482
6804
13083
12373
8521
13028
12937
10993
10735
16628
14881
3733
5649
12067
1283
16318
2839
14170
12298
11534
5321
12073
4146
4611
7098
16103
12385
4226
15191
1209
14823
1849
16066
10354
10914
16441
16819
5087
5191
13610
8394
9529
13727
6994
426
9276
5070
9271
2295
3651
6148
7229
11883
13419
12738
2765
2437
16934
2986
15123
4789
1364
1391
14486
4250
13172
9545
14735
17731
6362
17368
15126
17298
7315
4376
13315
9853
11043
16303
17535
1228
7336
4797
1282
5277
10846
6385
5528
2754
651
11336
15875
12387
1010
17237
10744
4600
1550
855
8448
7863
5232
3861
434
237
5761
7235
11791
7591
1301
17436
9268
15065
17033
1854
13142
4599
2089
13872
17248
16849
9890
4873
1256
2127
1837
16466
6149
13175
17751
10273
12737
10961
11294
10919
6217
10081
708
11681
10388
7210
10471
11780
3792
16126
8278
13441
12494
3687
2916
10912
10049
4383
418
6431
10006
6761
13178
8223
14652
5306
3411
72
533
16337
5207
13084
8809
9858
5178
3516
7463
4370
17444
1561
15823
4795
12310
11706
10793
6223
3966
4026
13512
701
6177
1303
12098
12985
16141
12354
4645
5016
7458
12724
13880
8410
7933
3155
11142
568
12119
17262
15972
13888
5830
11355
17351
12229
342
15838
2654
6031
6628
10841
3019
9956
17689
14784
1660
6392
16243
11638
2956
4224
45
16018
7594
15722
3868
6290
9458
17702
10084
14877
4702
15870
9491
5459
6741
3948
4126
11580
7152
5944
6731
3572
2568
11428
11602
8623
2126
17005
15030
11314
6634
7292
9457
6418
12858
4881
8367
15279
179
9611
1368
8203
7537
1973
17600
13742
10752
4791
1993
14853
10610
6652
5764
5569
4670
2289
11723
6569
7415
15059
9005
10718
15973
15552
15717
963
9093
2906
17010
11760
12012
2174
17521
15503
4090
8096
11267
7581
9291
8085
4352
17367
5725
15648
10753
5854
11287
5742
556
8752
3358
9027
10499
3483
8159
9554
9393
7706
15680
16283
14791
16956
16255
9179
6441
7541
381
10934
8268
3095
5228
7707
15792
1318
17675
7527
7032
6059
15821
10482
6505
350
9095
8228
181
17175
12408
5451
3498
12436
14482
10930
16227
3578
3204
652
12001
14670
17628
2361
11657
2971
6951
6786
9804
12054
448
7218
9335
14631
5171
13203
15386
3832
16057
6269
9921
6819
2257
7698
7482
1807
11390
14955
8438
1422
3201
9614
2706
16275
8629
820
8860
2460
15553
1119
14420
17316
7695
14571
17132
8872
15814
8656
7678
10233
15767
8498
4543
8507
12575
16188
2526
14038
9558
10150
2690
7785
11460
541
7056
17126
6436
13862
294
17613
13767
12157
12208
12047
3174
8366
5675
14748
13998
8377
14311
3575
6554
12296
1469
12338
11704
10001
2823
10508
15451
10104
15625
14897
4647
9156
3016
3076
172
16780
13199
3997
13688
17160
8565
15159
10033
3612
3701
12935
6566
15730
6082
2710
7029
14636
15001
2735
2584
10268
1407
324
8622
6064
3717
7266
3003
495
14315
8554
16163
7848
8243
3457
9510
11035
7164
9285
1565
15916
13675
4664
17272
8117
2026
16641
4267
6815
14588
11137
9618
7842
6356
16513
12945
17462
2865
11334
4165
1223
15419
17728
12366
15589
2937
12416
1715
10890
3121
6128
11970
12139
9266
4062
917
8616
16299
1908
7001
17167
17094
15
11584
9785
14564
8590
713
1903
11666
5600
13201
13898
10751
12634
12339
3879
4433
4068
3658
15343
9740
6153
14771
7206
9725
11098
5648
16800
15291
13275
11180
6810
4769
558
2353
11587
10725
8905
503
11568
6677
9224
262
8867
16553
9719
8907
10248
6265
988
15743
4083
9253
13504
16031
9735
6334
4694
83
8190
873
15225
5042
2567
10873
16508
7283
16252
10978
12548
3850
6968
16108
6016
16412
13041
11034
14212
4434
13517
1179
13071
5303
10612
12616
10963
4829
1096
11634
15750
1800
12399
9157
6637
16359
17012
14191
12020
5052
14237
12903
2828
8295
1213
7203
4499
362
4690
15537
694
15939
7244
3987
7498
3650
3903
13398
6015
8716
3871
11932
15606
9277
4374
2084
11045
2243
12031
12207
11492
8469
1529
6949
16638
10424
17129
17520
3419
14351
5149
1818
13061
5616
9668
16105
17759
1915
12674
3776
5160
2780
3960
7170
14703
16797
15417
13760
13284
8945
9755
16725
14931
3273
15580
9434
1980
8056
12388
15695
15777
17070
8842
9730
4940
16781
1724
13923
7102
8530
6107
10922
3043
12316
11138
14045
15708
9963
15702
14795
7921
9201
12739
308
4027
11148
3750
14556
2304
2218
9726
215
10428
6357
7516
11738
2144
17310
5727
3344
11886
12101
2420
6640
2917
1150
11908
1025
1141
17035
7980
7801
410
8371
2799
12051
8296
15775
9782
10135
15236
9879
15570
14129
12239
12444
8709
1296
16993
11675
9900
14485
9325
7000
17709
12421
13508
290
15271
275
13821
4615
6802
6024
14594
14474
7295
8150
15304
13034
11866
17526
17649
2556
12478
17236
9200
15757
13648
10863
4482
7936
3858
1076
1703
4806
10984
15839
14870
13336
17434
3561
6364
3768
10555
13921
13565
15801
6629
3150
6202
11195
267
3197
9072
4807
12411
17445
6025
14373
11676
2944
7732
5420
7692
8220
9903
6011
15187
16979
3106
8502
6530
14625
2461
14811
10853
14137
12294
9594
8799
14682
6354
7091
7417
15041
1735
5162
2404
8575
5608
5077
924
15968
3535
5100
14744
8934
16657
14062
1106
8039
17632
9871
861
15981
7123
13313
10014
6575
14808
14728
10141
964
1880
13350
16070
14884
10011
10108
892
12170
5539
4989
6937
10706
7889
16289
9103
3782
8196
10707
1036
14261
10276
6117
5453
830
11329
10549
4819
12214
3849
13835
11240
1059
936
16307
11679
9407
8730
5754
5282
1709
168
10039
5878
16006
2931
9152
9068
13127
4540
10444
7947
17574
6613
7183
3875
13531
3485
9679
4008
3880
9112
4521
15324
5026
12045
636
6248
14216
10512
15807
4180
11483
6739
11942
9489
2318
239
15060
15338
6958
5334
4692
13669
15319
4739
8011
12131
3661
8598
16523
1403
15369
4262
3794
8396
9671
15619
7864
17458
4716
10073
8021
7093
15739
10124
243
5297
4248
14869
4938
17688
7408
9948
7265
12682
14269
6725
11228
3309
6617
3191
4794
14595
163
5008
9301
13352
16180
8848
10692
15482
11880
17442
2998
12525
9787
12627
9007
6448
5591
14177
2910
10260
7154
13134
17361
176
1643
1983
16805
13558
4624
17119
17107
17347
13477
4998
13380
14143
5387
15966
17017
8229
2202
895
2758
4473
2107
1472
13362
14388
256
170
11847
2552
15241
14284
4927
15232
12896
5485
11125
11028
14235
3170
14829
2929
6451
3748
1635
4560
13681
11431
14717
5709
17623
15069
9263
12534
10732
4589
10301
8866
14662
5172
2077
6342
6459
8630
9526
6113
5279
5697
6196
221
5515
9865
15662
6754
3584
1071
25
12523
11114
2065
2939
16954
13054
17500
7685
17376
10927
3432
2972
16950
13396
3239
17191
8612
3332
15317
11253
12371
9295
4531
11065
16185
42
3927
14460
10120
8992
13674
3630
12238
16169
7573
2705
15734
11461
15773
4900
8132
16564
6479
14440
10441
11717
5935
11099
12940
8770
8477
6587
16714
9082
9935
13510
16919
608
2228
14802
4648
10353
8348
13762
1414
665
10027
15944
1392
16197
9062
11806
612
3917
4005
17424
2897
2364
15165
1909
4495
15048
719
8606
13683
5891
9644
596
4639
8613
4192
2376
663
10136
1294
7631
9493
13287
10385
9552
4677
9029
14256
14824
5369
12793
8389
17533
2716
7180
6208
17357
3767
11020
1458
10747
16403
2301
14952
4839
6227
1287
13078
615
9820
13773
3980
16136
7171
17134
6821
11800
14319
5362
13467
8201
2642
6775
2267
17266
9215
12311
576
12961
3329
14417
3225
6975
197
2453
8609
5759
6878
12439
15874
15462
10397
10607
9251
17075
230
9481
11055
16616
14006
7282
9085
13957
16755
4091
1345
17204
13118
8549
2608
5777
5440
2036
2374
1483
10420
16314
6911
14585
3741
10806
12537
9586
12971
143
1650
5792
8165
5047
5155
7217
51
14457
4591
8760
15495
15742
4362
6241
3815
10099
5939
5011
4693
6550
12572
2646
459
7816
3327
3308
10040
2635
11353
17539
12696
9560
8938
777
4271
1519
11439
12204
11373
13212
640
11145
8055
4360
525
14391
4259
14620
11960
13786
7701
409
8914
1547
5832
8012
5766
4326
7216
7355
767
12520
6189
3449
10325
3976
11061
16788
11490
3897
12111
9181
5115
7907
17306
15514
8633
6219
6272
2315
2736
9012
9308
8174
9032
13964
11305
4399
4492
8723
8288
11529
10741
4895
8547
7374
2677
2816
6736
6519
15184
2415
1329
4921
4320
182
4277
6284
11951
9132
10617
9662
14318
16116
13930
8409
2633
7057
7342
16402
3761
11308
8973
14043
5281
2683
9954
13544
14057
5750
5069
2090
721
13347
14776
8685
8490
10714
10672
4276
17429
1740
9757
13031
17550
16488
5019
9163
10390
6182
10214
3685
16014
3130
4470
213
17721
4723
13081
10
1406
15613
9697
646
1684
16549
1770
2640
10767
5780
5245
814
1040
16786
7359
9307
8715
13885
8074
7969
6216
11342
14793
14516
10595
7198
10221
906
8840
376
13369
4875
6750
15344
868
11452
2720
12491
5076
3906
14838
12763
5204
5235
5545
13557
4105
11198
14207
14179
14186
7082
12602
10902
255
16417
8144
16452
4437
4995
12512
9886
11408
1795
13444
7384
9634
4931
12
7999
16673
11928
5058
2410
12826
3563
12666
2920
110
13943
10196
16308
5624
9497
10188
6959
6572
17668
14708
11268
14477
8845
8501
11135
10295
17725
17171
690
8103
4233
8977
14712
13830
3542
3176
11412
11577
3453
7175
15090
13875
6926
13694
10182
15172
17282
17202
17099
586
8423
12302
9452
4331
1487
7040
6028
15148
1427
5432
2966
3322
15550
6
1416
14506
6928
13656
13296
12423
9872
26
7510
3827
7878
6485
7501
12078
4932
3634
7459
14362
10113
15608
351
16698
11209
14852
1022
1902
16622
9649
12779
2209
8429
8222
16225
8264
1447
13021
14247
7652
12356
13225
2474
1249
7764
16072
12376
6425
17631
9060
10590
9496
9239
16548
5170
386
10955
15716
6333
11427
9426
972
16091
10839
9840
11168
3867
12891
7780
8435
12106
15624
4363
8126
11326
9377
16086
3864
12210
5985
11350
7729
14524
2708
2396
343
6709
6760
12926
7313
3550
5925
13944
12330
7976
5276
12025
5037
10762
5567
8091
12659
2514
9817
9647
14772
4830
3186
17323
10861
8269
9615
14979
7850
15850
2935
269
17036
15926
5020
12438
2731
16420
3366
15657
1702
12243
10911
3918
16691
8472
7379
9398
14127
14201
2837
15741
5749
3227
5267
14513
14306
11862
15812
6393
14163
6332
12116
3937
17268
4575
2774
13248
666
13307
11757
2411
235
10279
2523
3084
16150
17386
5835
11354
8069
17318
1299
3167
13972
7350
13233
2391
3681
1051
10724
8124
536
565
9369
5497
12663
14987
11527
7096
1923
8272
9847
17646
15198
3041
16098
6180
11680
1893
8564
17279
8027
15536
8137
16101
2379
2984
8577
7467
2764
482
16146
6694
4828
4451
6863
3751
4255
11156
288
15855
9610
3811
13537
4707
9071
15243
15057
15541
13778
5881
2734
17733
15438
4727
11343
6983
1199
3611
4568
573
2962
193
16938
6144
7513
15056
8933
1138
7613
15061
4880
3069
15496
11406
6578
6297
11495
17325
860
9658
9767
16685
6876
8592
8850
11532
3420
8335
233
8813
4945
17554
15931
1464
8299
7086
4610
7792
9864
17229
485
3659
3400
60
10155
6779
2760
8775
2314
6014
16968
3271
16857
2967
10550
12774
14552
4734
15264
13867
7644
5990
2124
9166
4545
8339
8868
16519
7231
12458
6122
3001
7618
5093
8639
1250
2729
5323
13162
8257
8231
15160
8879
12767
7006
8597
14304
13017
14016
14606
12613
4629
17054
6018
15302
9382
641
4472
14841
15009
2362
14285
17088
16217
8450
725
4638
1830
11586
1128
9337
2516
16834
6115
17251
11826
16093
17578
17551
17110
3601
8147
577
11134
7405
3652
11667
10037
12713
6585
1017
12825
404
8285
870
13575
15078
3346
15610
15992
2163
10809
1311
13903
5726
10868
4058
2740
11173
11540
7672
16511
12920
14088
16618
15962
8982
3959
257
1556
9173
16717
9745
6813
4792
2833
17315
1878
11276
7582
11281
14018
5176
13812
1916
6938
16143
17427
8698
17666
4186
959
12154
2738
10929
6210
6021
9424
9691
10407
9485
11897
6671
1862
6218
15355
1998
9642
439
9764
11454
5507
10915
6784
6156
11925
17487
7258
11257
16092
8321
12693
4322
8675
12518
12618
6120
2912
5249
4968
8853
1286
13320
7916
8726
3412
3134
11255
6899
11158
1330
1164
12015
1892
17382
16253
3347
11564
3989
5654
17290
17299
1636
762
1701
13596
8661
15102
15852
11296
5370
12547
3184
12840
10204
7209
15474
8943
4658
10192
3922
4120
6497
5066
6067
7031
9978
8152
11756
2826
5236
687
4874
8242
16595
16078
14626
9870
14561
3846
14254
7909
10739
8910
10678
8888
2274
1492
5895
16727
13585
17483
7440
13126
16749
4755
11671
7540
12834
14685
3017
6308
14757
17469
5137
302
14208
13491
6833
10244
17743
15505
7751
642
12200
10685
3958
2521
17761
1538
7944
17244
11856
13092
10377
15701
11111
12079
10721
15440
13438
2940
10187
10989
17755
14369
16712
8651
14423
15276
1470
7716
13832
4100
7297
14849
3564
6201
4104
8143
4476
932
3404
775
9087
4713
12653
8364
14568
2766
10367
1894
7403
5982
5550
14785
5470
7358
7898
9581
7750
4313
12151
11815
13509
11322
4349
2188
10452
3443
5022
15178
1280
17598
13553
9753
16707
1707
4079
13603
10117
7752
10324
7396
11093
5384
8997
889
1719
6611
13210
629
431
16181
8654
6969
4741
7691
1244
3587
10450
4251
1869
15605
6919
3765
11919
15134
13137
11272
2819
8837
6344
10605
1315
9895
7972
4461
15022
13259
8255
359
17472
8226
6428
12573
2601
12641
5833
2571
4910
6138
15579
7437
716
3932
8123
5930
15638
13879
15220
15978
16637
6998
7575
6178
13795
8911
909
5215
7564
10683
4044
7825
3456
13844
16731
4405
3621
9828
10675
15567
7995
2011
8899
11959
13863
11212
10166
191
10408
11914
10149
16967
8354
16367
8202
14586
15581
15007
9664
15213
11085
5467
3615
10658
13060
2846
11651
4216
2261
11839
12856
2763
992
13236
2279
9026
7327
12465
17674
10342
11130
13355
8291
997
10944
3056
15026
12384
7955
9934
4185
3220
15922
169
599
15106
12142
2603
14709
4559
7607
7722
11860
6707
5316
7974
13623
1062
5998
7628
13265
2417
13480
5436
15928
7838
5748
17435
1277
2656
10769
16440
12359
12389
4551
13407
12484
11208
16644
12413
2847
13865
8236
15045
2803
2843
17352
5049
13497
7998
10973
11743
2659
9773
13246
8890
2651
10733
2323
14546
2750
2982
4196
12596
16068
5416
10335
538
9924
11863
13046
6352
8341
6044
10511
15574
16425
16107
1322
1697
5656
12617
14994
6894
8694
13687
5353
12254
2358
6984
14099
689
8290
10701
6885
9437
59
6432
17373
1495
11851
14944
16882
10726
11259
14339
15404
5054
7188
7018
1130
14295
13474
5889
6840
15857
10671
17283
10754
10492
12753
9067
13506
6278
9950
6973
12670
5336
11087
4160
5158
17358
17692
3325
736
2416
11443
11246
8363
3143
6963
3393
8645
8808
17000
8100
11086
17350
5140
17599
12843
7062
2605
8101
1132
9821
1038
644
1083
910
2666
6783
15787
13445
3896
5993
17179
3382
13571
13826
14933
8355
14139
5310
13756
14892
1292
15224
12677
13774
13993
17287
10593
14518
15957
2061
12517
2757
4144
13038
14715
9430
8791
3379
8703
4606
6449
9303
115
16964
14134
16332
7506
14725
8786
234
9663
5551
10240
6690
17284
7120
3384
10211
7356
1536
11591
1445
724
17437
15941
15250
10105
6903
14089
14218
14678
11232
14182
7883
17605
1970
5984
17176
13739
7724
9627
2700
8084
13123
5695
5681
9808
5614
6235
5977
12752
12218
10568
1169
12625
16922
14864
14173
4744
15038
754
8082
15555
10788
11509
4498
87
2599
1118
3093
16955
465
1761
6427
1596
16965
14004
3608
13204
4851
3447
14426
11436
11200
4705
7819
7937
9341
10165
566
15050
107
13502
10410
15465
3876
9522
4155
10044
1063
7890
2176
1181
10349
16323
911
6165
7224
10990
8112
4756
11421
16061
12094
3021
3435
12328
10821
5762
3743
2248
16269
12117
396
10797
57
17227
6667
14320
2012
12289
15470
5484
15673
2190
11829
17042
3467
2589
10497
6159
5183
9259
6582
4510
1482
16280
10443
16408
15073
6396
11969
3312
142
5408
8533
3146
2557
11150
5904
15114
6378
16471
8677
13301
2307
8225
11371
15566
2016
14287
12837
11544
8156
12813
17616
7832
12854
17703
13804
1680
16218
13769
9442
6543
16418
5444
12675
3081
14155
2538
10010
12182
11946
11707
10088
16357
13665
8779
849
16512
3285
2728
3585
8392
8904
15985
15840
14697
6720
7310
13532
4616
14296
2862
14580
14906
15294
10598
14148
2745
9976
2399
10218
2232
14614
231
5223
1658
8681
10215
10251
7996
1984
9576
4077
8787
15704
11824
14612
1778
17019
16507
8388
12956
4078
10883
14536
12604
1356
6105
10998
7494
17288
17471
7422
10997
14479
11131
3807
16535
14055
17220
17173
6827
8701
4840
8035
10577
13169
735
6472
10110
10483
12619
3854
4228
13783
6552
17474
4211
4150
7255
3059
13468
17519
13327
5678
12516
2199
17677
10448
10548
10704
9940
4687
5655
6421
2471
7373
14567
8539
16775
7118
12584
9971
15637
13664
9194
16610
8207
9967
14573
10278
16852
8197
17076
9409
15544
4831
8495
17064
13920
1104
5255
10818
12042
8561
13594
1107
9438
2805
8717
15612
14059
11358
9114
6745
5299
11404
6872
1021
6682
10879
12786
12758
7789
9432
6853
2934
12270
10790
8792
12355
9849
16969
7474
7372
1659
3198
5535
14230
7012
15448
6261
7194
517
14346
4886
1645
12426
1293
16033
2161
7228
14751
13757
3301
12147
11363
9010
2177
2818
17414
11119
16495
4282
13559
6701
3116
14491
8960
6624
7174
3269
12188
4632
1937
4696
16214
13662
12488
1352
5913
780
13481
63
7810
5429
10148
9999
1421
14265
445
8832
12486
8138
16867
10524
11370
2125
3348
3571
11242
16558
2615
14387
12390
6562
10569
1533
4458
13813
3780
9641
10432
8133
17741
13187
10594
15601
7747
8773
9074
1068
15669
14911
15940
2210
12105
14934
15811
11078
2892
8915
12152
9455
7204
8336
2129
14413
11364
1258
6693
11799
1373
5888
11151
16719
2914
8993
220
970
11170
17319
12305
1419
5684
15149
7037
16746
13913
16190
9687
14075
2563
17028
1863
3429
14674
513
5294
13602
1058
16987
5837
8846
4013
12383
2981
15686
966
1254
4491
16079
9178
11812
9732
15128
7962
12796
16383
8493
13932
13973
10992
912
6326
3387
12603
10583
14025
3277
952
12284
16962
4330
14530
10761
9176
13540
2520
11405
12250
17399
12649
7723
15827
3349
16584
11012
13152
887
12705
16545
3268
11514
8653
5592
14778
5291
3264
12352
4319
1788
13381
2759
12764
6759
15880
5059
10013
10021
11073
10347
11769
5039
13182
3207
11123
3586
4045
12480
530
102
10519
160
12556
7518
2276
11770
5680
15687
9018
8916
14046
6579
13801
12493
4010
7713
2695
12838
10067
2294
14314
16601
10153
17117
11665
13884
2727
6620
16492
16265
10522
4393
10865
4063
1926
1489
9775
11018
12574
12993
11566
12331
8922
11848
16361
457
17363
10546
5060
11453
3538
6389
821
7041
14583
11835
11332
6188
10341
13003
1816
14985
14971
4824
250
11798
15682
15392
17767
11822
4832
1526
2893
14072
13717
6539
1
10344
14704
2074
5952
16290
11912
7344
1876
11016
7893
10368
15718
2613
3805
5113
15905
9150
12951
6767
14959
253
8167
4924
13032
16902
3614
12930
8719
12113
7135
1603
2431
12820
432
15577
2493
7799
12490
2969
11774
2283
15054
8725
3708
8198
5641
7718
15024
10056
3755
12198
9711
5823
14093
13163
6103
7303
7635
10828
13580
16722
5898
3477
4132
15575
17055
16167
7329
15266
7431
3234
10199
14902
4213
12452
2933
13299
6662
2213
7367
15609
3266
3738
4422
10179
16389
10637
4293
7894
3978
9501
8282
12689
10168
7690
15323
11937
10953
13261
8024
6740
14766
8089
8878
14189
13235
15351
3103
10528
15209
10362
13148
15431
4375
15604
3168
7903
9031
13996
5385
6710
4688
10116
3548
1133
4486
77
1203
13589
5506
1692
11338
7122
5870
478
7399
1619
13449
13221
15233
2145
14101
2911
539
10635
1756
2878
5075
8215
4112
14736
15776
2149
8926
14804
669
3007
1821
1515
825
9348
454
17078
16708
16811
9211
14978
4143
13859
15984
16438
13792
13820
999
12828
17336
15288
12726
5821
10674
14983
6295
3459
975
935
12812
10042
5250
6161
16175
15539
6521
4254
1673
4580
5621
5212
184
3680
5959
5971
5479
1617
1509
13654
1612
5615
8151
11096
7139
880
3265
4689
1922
9171
12398
14333
9508
6794
15791
13802
1944
2829
570
11299
6504
12549
12286
10878
10827
5084
4086
14389
3804
609
5677
12442
11734
11160
9075
15447
5769
662
13577
5072
46
10066
4861
13114
2153
5017
15586
2979
65
11316
7849
8033
13376
12007
9151
1020
14342
9867
5512
7070
13764
10369
6897
17468
1220
6561
157
9962
8470
12787
2027
17200
5404
14713
2324
9494
17563
10699
2788
13995
12418
319
17097
438
3410
14402
2691
3996
10506
17208
7045
15522
14244
9045
11876
12513
4051
13641
2977
9230
14644
12061
8988
4729
6347
7421
13150
10287
9544
15858
3068
7609
14663
3011
13133
16861
186
746
9796
3260
17636
14071
5907
13810
13649
12788
3463
17621
5724
13856
15467
3399
12761
4301
2636
13051
12789
6205
2038
3035
8338
5114
7938
11623
16818
12424
3618
6131
17690
10434
6480
8382
481
10156
4555
7886
7100
8965
9183
10147
2230
5065
3298
5340
8504
2014
14828
8702
7212
8626
8191
17226
10209
2216
16827
11474
10895
4594
13487
11033
2624
8527
2250
7948
8962
14999
9992
5831
9988
9323
14789
17406
16379
1460
8031
3902
3790
5856
12378
15538
5038
14965
2306
1653
3030
4988
6762
12710
6883
17148
3664
9734
17470
6376
6987
7148
8476
2949
7004
8687
14894
13476
5188
12822
1648
6967
1810
1186
6801
13518
12933
5735
15231
1856
5599
6797
6019
8016
11607
16853
2535
4661
3760
5586
277
7712
15463
12544
2547
4485
11647
10447
5822
189
12468
4879
761
15885
7411
7766
11755
8329
7088
14115
2497
16439
3613
11205
3509
9953
17023
6966
16779
133
3674
2341
2575
2365
7604
16458
7079
16284
5527
4230
5521
4147
15142
7758
15869
14160
8440
11279
8514
9250
11214
9805
15206
2368
9696
4227
3317
5421
2533
15832
5318
450
14649
4424
16739
6680
9931
2831
16285
13591
10948
5972
13573
118
15525
1548
3352
15203
2175
10291
11367
17338
7286
9505
8083
12027
8136
5372
1657
13238
2604
16976
12032
14489
2968
8918
8953
15707
11097
7757
15099
11881
10172
16170
11578
14786
13048
14981
14226
6007
7306
5932
634
4571
16872
16447
15150
6570
17537
4338
5122
16270
9964
13330
164
2205
5156
14621
13185
2438
10892
3262
1176
11810
12529
7549
9404
6879
12149
5772
5130
11788
16568
14340
1239
10252
1804
12173
16881
14676
2225
17664
15096
7151
7636
3647
732
12777
15021
9042
11475
9081
10304
9728
11911
15872
12878
15461
14270
16921
15672
8310
8390
6369
13096
12564
5261
16411
4553
6997
3560
3027
11949
16958
8673
2525
7491
15104
547
17683
9708
11546
14498
7539
7233
6353
7629
16510
11702
3540
3319
9092
14419
16053
5962
13838
14774
11120
11612
11340
15464
16579
12401
260
1050
6995
2020
9815
14396
13834
8523
17303
13539
13969
8053
12263
15117
17730
6230
5628
1442
13053
9109
7168
11986
14922
4361
8337
13388
4149
14865
4735
8897
6400
8763
2139
17626
656
3787
13200
14759
11535
17529
4210
1137
1516
5466
6913
3172
6623
201
3424
7973
4188
6460
14447
15831
17389
14080
14380
9003
16210
16483
16951
11698
1971
11056
7787
12245
13322
5933
6184
12487
8896
8582
5803
1967
1381
12701
3596
10774
5868
12941
14505
17630
11512
13387
1885
6162
16784
1780
10918
15138
1055
17381
16037
1621
5288
7601
16996
5177
4195
3835
11482
9376
6099
5096
1307
4796
12718
14123
2048
8552
16664
4505
12620
4523
1328
8417
2930
1089
17203
3407
3489
8095
7815
7199
13583
16305
15348
6463
13168
13695
10619
16914
17077
15607
5809
13563
11840
3311
8906
11310
7580
16873
17038
2300
9829
4189
13790
4976
6850
2834
14431
16294
1668
5573
11682
2284
13345
15406
4867
5345
16689
13555
3828
1016
408
4377
2115
13205
4949
6454
15963
11709
94
1281
11159
3029
10054
8680
7768
9917
9657
16737
7934
14643
1781
16999
4883
8180
13488
14638
4081
6721
8875
5559
14929
9946
8692
16870
6390
17629
11263
15326
284
6038
6771
7800
5376
2128
15899
17604
11270
7054
17250
4605
5081
13374
13833
3202
2325
12848
16668
7014
11442
8909
9939
11690
4246
893
17030
2503
1572
12862
5957
443
3452
4668
16455
15370
9880
4449
10146
16521
8115
9449
13482
1678
2778
14297
10819
9826
17335
16261
144
17221
10535
1006
4102
3210
6525
2086
2165
4133
7452
4291
17
15895
13866
13745
3594
11067
13619
17398
5877
6444
10579
2101
2326
17717
17307
11401
14695
9462
9531
116
7179
4781
8642
16621
5253
17340
14347
15853
14415
5454
10601
6351
7958
16335
15407
9210
14282
6625
11157
7227
4826
10629
6816
17254
6306
6769
17595
394
8356
890
2094
15371
4573
1774
17081
15896
3237
10921
15952
12593
11909
8807
15468
14686
11149
7435
3524
14026
11552
12909
10749
1396
2462
7765
17746
5508
12943
13738
10336
15845
2519
15946
8492
1429
12175
8431
8232
5517
10665
13206
10213
696
14741
17611
10708
3934
5934
16356
17596
16544
537
7598
2172
15130
357
13861
7335
14368
6488
3219
2618
4243
17655
12236
5946
8445
13794
9806
2008
11188
7178
3080
14935
16123
9583
100
14030
13334
14382
17561
11926
2915
2166
11662
5157
13260
2622
1852
2401
10648
683
17639
7345
12092
8570
9338
4986
6493
15548
605
13779
1163
10533
14070
9076
1840
4031
2686
14499
12014
10529
15910
14331
13710
14900
5133
7289
11592
2
11292
16222
16814
16759
11929
3865
7646
6733
3641
9236
12146
2889
11409
14492
11526
5873
989
14275
17091
17004
8059
7902
11764
6033
9994
3735
14739
8936
2585
3939
12386
3383
1649
16406
15971
3190
10591
12226
6130
14180
4909
6322
5213
12267
8655
11393
14843
16343
14904
14624
16546
12459
628
12271
6106
10020
5788
4084
8459
5671
4176
2534
11887
9213
14601
8384
1907
1499
15418
6795
17491
2384
14587
2272
5136
17397
3889
16257
13412
13949
11471
9130
13405
16534
7413
3935
11716
2661
5900
4397
14056
13030
16049
11913
9969
13564
5970
13728
17670
2997
7193
11440
2782
14681
86
13240
17687
9412
9929
4012
1598
10435
6918
12629
9296
13029
3499
11569
6238
9559
5241
3140
12805
2234
10650
6481
9721
1900
9389
10050
3226
10064
11818
11219
15023
3054
10636
15180
11849
11783
8567
594
16880
6340
8797
4598
14327
6301
8000
5666
10057
5842
9534
3378
16526
1000
9809
16985
10917
6944
11077
11771
15223
16940
16613
10356
11549
16676
12065
4587
430
15748
15380
5661
10372
3
4275
14917
17614
1938
11746
15816
3052
6341
11718
1206
18
6704
1210
5562
1411
13850
16748
11841
1002
14464
4623
5853
4631
6700
3795
17409
14837
6716
7950
15639
3491
1819
7662
7187
9629
12624
8379
11266
7798
217
326
17309
8038
10197
9600
17215
5879
12199
10630
15868
421
2018
9199
8261
2836
6672
15585
4157
15254
15315
10031
5841
15426
15558
770
9606
9248
8187
5897
17488
13384
504
11892
8391
17415
1757
572
1727
13643
6207
2087
14503
6134
355
4288
12785
17003
12794
13933
13775
783
11360
12681
15851
510
15449
58
17333
3024
10574
6190
5085
17496
17723
10495
1056
3465
3466
7354
7625
7611
4612
16046
6781
5938
14424
7873
12983
9707
7966
4868
8233
6434
11750
1361
9314
9868
17330
13549
12166
15564
16419
17456
13541
10942
13882
17152
3838
8461
4107
6110
15953
14930
1925
16112
15751
16142
17100
4387
14250
11542
13263
10087
3890
6513
6137
14941
5217
16802
14714
2049
341
7859
12591
3217
361
5923
4561
7910
2236
1979
15388
14641
7133
13496
17369
14760
11154
8806
12327
9752
13806
14277
6042
15261
16236
17573
15595
12260
6318
6057
1576
6084
10430
949
16705
1031
4678
2446
16944
15510
3789
2430
17497
1593
4085
9881
7099
17657
328
6523
16899
14259
1644
14803
4646
16313
1693
2201
4174
12554
15318
16505
17302
2373
12377
3020
12778
16721
15736
11237
10392
3013
15521
16812
13684
366
15162
12934
691
6132
4853
2102
2927
12120
11624
10017
3953
3245
8149
17014
11761
16309
8130
11962
3695
6555
10364
2053
9360
7773
11964
9373
12287
7189
5418
9299
12551
3250
16498
16570
627
1480
14550
9793
1578
15151
3605
16961
4526
5021
15699
4775
16974
9777
13360
1918
10207
8263
7775
958
2639
12809
13447
16671
10808
82
3964
1754
11103
6636
16787
5951
4865
7957
6776
5622
7450
3045
3568
9167
14673
15902
7059
13527
17420
4002
70
15684
1826
16865
9451
8127
10418
16885
17276
12571
8289
6756
5468
4698
12071
203
14653
5413
9535
2105
13386
15437
12887
17314
9951
15498
14406
11366
3171
7247
14252
11664
14734
15668
7569
12870
12792
3261
10318
17240
9996
883
4474
1353
9463
13698
12563
10203
3526
7668
17627
10327
9716
5530
14309
10076
222
378
17243
12265
553
12765
6635
15529
7970
317
14476
12729
11011
2468
2712
13428
815
13935
13524
15043
9573
4182
10800
4471
10631
5409
2848
136
8632
6331
16013
5546
14428
12460
48
9265
10525
4278
14623
16239
6101
2648
17164
101
2386
10734
16715
8277
10932
12741
8548
13679
7221
3734
5307
1400
5111
15645
2108
10500
1857
301
13382
11644
10907
6910
17073
7837
5730
15688
13796
550
522
16370
3522
9164
4258
17255
3442
12482
3969
11388
496
4371
13736
11269
4034
14749
5256
5825
10627
6060
15492
12381
5278
5942
2058
1149
5220
9197
6200
3619
11575
17756
11968
13979
11164
1963
7602
8425
3884
1007
5248
10669
5617
9309
6222
16897
6953
5000
1072
15629
9101
8803
1741
7485
9379
4799
9310
6349
371
6758
9556
6484
5358
8718
5561
10439
9557
17011
1351
14196
14450
5679
13819
9628
1441
12176
8524
8711
4428
13317
11713
9584
16344
4956
2522
4992
4785
1200
7576
12505
7847
13435
7385
11291
3825
15740
11335
1187
9913
10237
4978
9021
17402
10345
1265
17713
8505
14856
8821
1783
6027
14253
12288
12358
11010
16757
13938
6320
13306
195
15497
295
2266
1505
13220
4620
4388
17693
5252
11167
12206
8955
5055
9959
879
2994
14267
6573
4390
4153
14050
10830
85
16959
9507
7767
7196
10588
4214
1197
2770
15969
1486
3175
10765
13371
10894
5094
7478
8696
5798
9945
1853
166
8930
13640
2550
2844
2338
13453
15336
13655
14204
13868
1230
8920
1679
6991
9235
10925
14858
433
7049
6422
6325
437
15517
9995
9788
14963
113
4887
5406
13406
6374
12010
13976
11858
16953
9242
3919
3208
3141
1262
12566
16686
12732
1081
12897
4911
983
1759
5099
7213
13516
5068
763
9830
1498
16960
11821
13106
6849
12532
265
11247
16494
2449
2684
854
2245
3830
10080
8865
1527
4592
9623
9050
2485
9549
2913
1306
14737
13869
11677
190
14292
592
4163
17597
15118
5547
11545
13951
12269
5431
1087
16363
15049
14515
16502
5884
12075
3857
6443
13614
14716
3707
17518
10018
5190
14497
7545
6666
11107
9592
6411
5452
12731
2928
3267
9857
11021
14555
14274
16235
9332
17391
17648
16443
2632
11796
1581
9585
15830
8129
5626
405
16039
14176
13754
8793
4669
17536
12536
7158
13442
16635
16414
9352
12234
5645
7353
2707
11802
161
6962
16747
7788
13298
16445
7782
12762
8447
17562
12691
16017
16766
10094
8948
8099
1136
425
12804
1193
4416
17355
15671
3921
11548
11703
10162
5536
2226
13209
8387
9311
9316
7153
11993
2247
4958
11476
10328
2999
4935
4934
11867
17265
5272
866
2123
6809
16450
8830
17727
15397
8036
10655
13286
7321
5676
16986
13842
6092
15079
8683
9665
7655
6887
7127
6595
3254
5006
2062
11218
11230
13941
4350
14656
9883
13231
13551
13848
16623
108
3071
1877
12657
10931
13049
7005
16796
8619
7434
14848
1338
466
8834
9718
8559
2463
16237
15157
11221
4365
5839
4124
241
11192
17084
11608
2103
588
17686
7471
7407
7368
10592
13505
14724
10265
13536
7717
974
2787
9705
13069
3602
502
16989
7532
5860
10596
4333
11918
1794
187
10489
8076
11473
11047
11978
2441
8913
16589
11768
15572
2375
16942
14912
9429
12433
11588
3668
8246
1488
10680
2746
14013
5802
6043
11248
3129
5509
15698
12958
7857
1117
11301
4633
5784
1591
4547
17564
16202
937
778
1349
4994
10729
16295
2644
2389
16587
5002
13971
5041
3814
1506
11377
927
167
15414
17538
6514
9466
12631
11904
4542
16878
5582
15140
14660
2332
16529
9833
1112
13015
13781
14589
15523
3263
3930
12987
2302
16943
2342
2095
12112
12606
9762
7
16844
9324
13161
14014
17144
17249
5637
4415
9055
4099
7669
3090
5379
10493
10691
12087
9330
6936
3728
8464
8902
2835
6631
5393
16221
544
5583
1312
15894
2481
9942
4380
9089
12973
13370
6933
12453
4654
10415
7763
7868
10949
4941
7388
11515
10659
4284
50
13978
15014
1575
460
17729
12256
14379
12091
1928
16274
2806
15929
12588
16619
6085
17031
8522
6009
2147
6255
5865
13304
5729
11341
2582
15311
7250
13283
17400
6618
11581
9850
32
7686
17037
4109
2779
7808
506
7473
14121
6266
12638
12709
5499
114
11585
5481
2724
14021
16782
5644
17577
7511
621
11141
2942
8956
14493
5067
7703
17523
7348
10770
2154
6601
16807
15334
13211
727
17209
8688
6091
3949
12213
11106
11934
2587
17050
16352
9678
17416
7223
11947
7954
7529
17029
6985
16012
14258
14672
11701
16486
2668
12600
9365
10496
2173
17321
13823
1268
12632
4385
15146
2273
14463
10778
14473
6035
734
6061
14720
7271
12503
7515
14940
7177
61
13582
3342
11403
13883
9116
4266
17187
8700
16604
10811
856
7404
7301
15229
12509
5609
14301
5424
11231
6929
175
5665
15341
9669
14122
373
2309
3132
1930
3484
12318
6723
2815
4812
13002
4283
4852
16908
11071
1500
9061
3970
2786
7760
13667
14352
13592
12981
14217
16516
1251
3559
16319
3732
14910
1906
14228
13886
9893
5518
7606
5606
2409
12017
17329
5078
11504
4850
2924
1777
13108
13789
994
4622
4536
2880
15837
4837
14209
11394
38
11153
13256
13644
7076
4478
2198
7946
13059
1646
8029
3609
5652
4201
9381
16915
4141
1185
13498
9898
1779
12341
10780
13548
12823
477
12577
8714
17151
3720
14699
10249
4285
13590
1478
17644
5367
8944
7741
12678
10402
3663
16869
2091
13522
305
2041
5927
824
5208
1752
2249
6610
14260
17417
16656
9686
5131
5044
7039
1291
7230
6375
2965
7268
10891
9122
13463
1729
2866
5967
790
13893
5763
7128
7401
5594
2183
12303
3313
10456
13907
14291
5209
2817
10034
7241
12266
12992
4525
14151
8281
8583
7406
11313
3909
5314
16684
8903
9269
1564
5045
2974
9765
5139
422
11508
9148
13308
6401
5694
15116
3692
6097
2394
17509
14805
12821
78
11127
337
4501
3151
16683
11889
11533
2693
1334
17168
6096
3998
15366
11661
8553
15454
17378
3504
9778
2229
2576
9346
3047
17034
16728
15547
6170
15168
6839
6993
7138
9401
16726
9106
474
4552
623
8210
8002
3458
2773
12259
7246
15784
3791
13729
4960
15066
5165
13853
5342
7984
15208
11117
11129
7928
5119
16597
6291
9227
2840
10986
15961
13064
1165
1732
9966
11921
2606
11069
8736
17579
782
2996
5590
1888
14581
12172
10848
3579
13983
11280
15393
14547
14404
12189
7623
4892
3793
15958
14768
2422
2792
53
1387
3845
11320
833
7269
842
13753
1924
8843
2808
22
7981
8114
16887
147
16385
3002
17356
7197
7237
11220
16009
17142
17060
7009
3272
16937
16912
13520
15614
15935
14222
4641
17545
4175
5048
15076
8437
13748
14832
4162
7287
3891
2240
5074
13846
14224
6923
1233
8571
10102
16680
16148
6499
10194
17384
4318
14079
9915
6706
8581
5522
10115
15763
8827
1241
473
17758
3527
8602
11859
8851
5658
6368
315
5095
17576
4001
11139
13379
4480
12622
11955
13990
11888
12346
17020
14986
2943
13140
14329
15876
10358
7608
2116
17136
15860
11217
6867
6524
3657
5876
16272
11485
14465
8499
3096
5847
9281
4534
3598
16115
2796
11884
4312
4429
17342
7190
1838
8204
14066
11079
16410
2573
17242
5619
787
5251
1796
306
4070
15764
13027
5333
16238
4710
17130
7205
2349
1121
8959
14456
5579
13067
5524
5433
6140
11008
5817
12773
14168
13020
11082
16043
9888
4533
4985
3847
4625
12868
16035
9909
10985
4834
17603
647
884
6143
12169
9831
8908
17534
12034
7533
2861
8093
2553
4548
17273
15228
16700
7671
2227
14468
7769
479
2383
10387
17053
11991
15416
6909
8966
8351
2741
17489
3691
15993
742
3162
16129
9142
3231
17585
1288
15176
12748
6737
11875
5793
12522
5445
11468
13503
8064
4411
16315
6922
13331
707
11181
12630
412
14438
7173
11128
6224
13746
9133
4355
10664
9811
4094
11451
17425
2723
4357
15752
8874
1273
5201
12998
11720
16605
4644
14384
1681
13747
14683
6661
12443
5882
9355
14901
6687
10285
16223
1115
17625
6645
6537
7778
5366
13195
9274
13279
7547
10398
14023
14458
2032
13319
6502
1124
6546
2777
12309
3928
6950
4970
2810
17654
8939
11309
7055
10576
16186
2771
10000
956
6023
2586
15248
7783
11284
12177
1618
1518
5992
5339
10259
9797
8671
8657
8951
9414
8697
3945
7664
12304
17095
9656
12642
10897
15111
5741
14761
2631
13677
13079
14839
14015
17705
8421
4200
17480
16158
5300
7821
16973
6004
5332
9645
8734
9370
14790
14135
15435
14798
1996
11699
8125
16825
20
9682
6225
13479
1337
15617
7439
11891
15103
898
12977
14239
11289
5098
3098
818
3639
13709
9524
14257
6948
17653
13492
17296
3470
1238
13257
1227
11817
11696
6785
16734
13245
13634
10298
3702
6567
3737
8761
16776
225
12879
3395
7654
6898
1746
4479
13663
7486
15405
3716
2580
5924
2034
10474
15476
2543
13312
2469
9842
9487
7349
1326
6656
1139
13097
13191
14769
1042
8584
14632
14874
7483
6999
13653
17362
1717
14496
8254
4905
16229
4809
2793
12988
492
17671
8325
7418
13183
6548
17155
13535
13252
15143
5782
809
3895
4671
11243
15641
4016
2259
1175
6233
4389
8211
4732
12441
7448
13173
11174
8735
12145
4060
15911
2687
2475
10123
1114
8731
10201
8989
4665
6770
14794
10112
16435
6249
6606
16884
6676
5687
1605
17068
2626
9344
8892
2393
7395
145
2068
15925
810
10503
10431
2945
1688
1584
15848
5257
11015
9741
6343
2544
420
7772
13732
16970
505
8362
14605
5921
2714
1231
4554
4249
8070
9312
13678
3671
5243
7391
7263
4032
9357
11410
8762
3762
12506
483
8637
4955
4052
8958
5688
7505
2347
5542
12186
16140
6250
5954
4942
16074
11941
3050
8216
4838
13121
16588
9258
11979
5943
6056
11601
14692
1446
2348
6324
9855
2421
17640
9079
1402
2444
11940
12395
10684
14264
7446
12162
10910
6083
3799
13475
3354
7550
13372
3576
751
6641
6658
6708
9916
12919
4577
1812
7068
13560
3110
15487
14345
10106
12409
2203
6988
16745
17328
15129
6455
9937
5407
9317
10256
13787
7694
8411
6558
1088
3046
13392
12074
3839
5275
15403
9766
8026
591
10875
13770
2607
12156
3193
5422
16501
5511
16085
2598
6511
7524
10193
14970
9519
867
1890
12672
16215
2235
9613
4065
10029
13342
15565
16171
13310
16268
11104
4286
15636
1958
9933
2321
14831
9046
8195
4237
12076
427
8497
13668
15325
15480
945
9476
7616
13798
4181
15455
13670
14090
16097
1806
10130
3487
8724
4841
3158
14893
17098
729
17464
3279
16005
4316
5976
12249
1822
13228
9397
12024
4040
15942
5892
12055
10632
15965
9059
10557
16051
205
16966
8327
13068
1026
7993
8705
9661
10737
6866
13219
10779
7361
10465
16911
7680
8484
13724
1562
4118
15881
10571
7256
5696
7281
11265
16360
12775
13149
5739
14231
17541
15531
2578
9772
17332
14251
5359
6160
11990
12636
10869
2160
16484
8098
7141
11013
12528
1899
16591
7500
16690
291
14414
12255
17111
13693
11536
5987
10212
1784
13047
5721
3124
8968
1247
13645
7786
4125
16416
13425
16428
6861
15781
11435
7051
11199
11389
12375
12802
9187
16678
11058
1978
14308
2492
8947
7046
922
8819
15197
17454
11182
12404
8946
13831
11857
15068
7412
15316
10167
16044
497
4256
3014
2114
2555
3878
17114
4780
12623
10176
1585
13584
15018
9714
2400
12907
12242
845
1507
8738
7770
5610
7653
15808
6703
5672
10849
5850
3471
11060
2791
3114
9701
208
8536
5043
11896
3553
8248
131
10045
15620
14868
13167
13954
3802
17770
5790
5844
881
10024
2217
12419
8556
17699
17061
12360
3823
13851
555
882
17542
9283
8817
11113
7866
14194
11395
5013
3418
8342
5834
2142
1672
6847
8045
3655
14602
6663
7050
14116
11072
567
4404
5872
9520
15295
4906
7881
15156
16172
7704
3946
6303
10716
9255
9910
8015
1190
152
3049
9044
13901
4634
7742
2923
1663
14294
15297
6743
4007
14966
2433
14158
11781
14532
13124
7312
3982
8543
1100
11261
68
5719
4381
16590
12197
11890
9226
8332
13494
13874
13566
9774
2291
14726
11213
1278
5632
9384
12800
14435
10589
27
3288
16485
685
723
5639
7731
15854
15217
12570
1383
3873
5778
12835
16331
6239
7149
7363
4518
13871
17239
14366
941
5457
3686
3965
14689
10071
17637
15828
16391
4818
9737
13409
2133
13139
10509
13860
14630
7392
1404
17503
4544
15110
931
8463
4386
14743
261
17694
1929
1084
12717
6642
2985
7075
11983
2995
6399
17253
3270
7870
15004
5260
9528
9944
10238
15145
15353
4869
5192
15758
11
10480
3112
17716
2674
259
13525
13758
3942
8949
6598
17700
10829
1974
14851
6243
11057
16325
4400
16415
7479
17663
12043
1061
5118
14454
14667
7226
10904
9620
11801
4790
14876
9155
12109
9162
14835
5401
3920
11610
14701
14609
7109
11050
969
12751
10695
3367
7455
13501
16089
9222
8891
17575
2445
1631
16468
4943
15723
11652
15588
8358
2491
5141
9517
3161
16459
10573
15192
1782
12904
14888
6834
7583
12801
7304
15865
6780
17679
11105
2671
2452
5914
11700
214
12306
1551
6054
2372
15979
12415
8887
7380
1474
15410
13223
10357
14988
11411
12070
2046
9968
7495
2505
4207
5756
1859
6507
17032
5301
8052
16339
7084
13192
8749
14520
13010
6358
3870
11352
12013
2168
12684
5293
5757
12586
12706
5214
10030
6865
5205
10133
14569
894
13966
17525
9484
9052
16552
10766
13452
14732
11344
13009
2991
8670
4885
10381
1742
3836
16121
12579
3026
604
10882
13612
12212
7514
2620
5051
14622
6594
1624
14756
1755
300
10740
8308
4972
6835
1284
14747
6976
8453
4709
678
15450
4069
13514
15921
12733
6151
14074
2753
16804
5956
10321
7469
81
1073
3874
3426
4050
8886
12906
6848
17553
13119
8928
5221
11304
16543
7319
8893
9202
3214
17188
2853
6139
5469
16652
9710
16975
1208
15501
331
9004
13857
5815
2458
15287
667
13394
3111
1574
6822
13703
8557
2564
7443
10015
6361
3290
112
12148
3656
9965
13116
11169
11005
710
17169
10501
14977
11789
1932
5465
11865
1699
279
3744
2884
9980
4948
6133
14472
7990
9446
14691
9899
4680
10161
12391
111
5187
3603
15598
9991
1108
7567
9113
13720
17465
3293
8068
13202
4601
13300
1401
16001
14444
6765
14611
16995
10517
24
11924
10223
10728
8923
6696
8183
12565
12656
12727
17651
9172
3736
10125
7095
6191
14822
14039
6924
2268
16716
10217
1037
13013
4581
15693
469
17403
17166
12723
4197
10170
7143
15632
10253
10543
13111
12504
4136
6102
1235
1341
6961
14657
6880
16075
3771
11480
10795
2071
650
9609
12337
6491
3398
2504
15350
5731
13926
4777
8381
12164
14169
6679
10389
4855
7309
12911
7146
2500
1309
7843
2222
13295
17619
3182
750
15074
9551
4787
2863
8050
16401
4894
15445
2978
15772
10433
12219
692
3091
10164
9885
16157
16891
7499
11282
15221
1665
4550
776
15331
4421
15016
7272
8550
3952
6842
12799
9659
1102
13052
6796
624
2678
5322
12881
14140
11792
8328
17149
3100
518
13513
7781
14321
8774
4957
8446
15923
17183
15300
6616
1768
9550
3781
1573
3468
11776
6384
7735
728
17222
6697
17517
6808
5152
9843
16179
15320
389
10563
14658
14276
2029
12872
16978
16752
2197
3517
13395
2900
14054
2233
8509
125
10945
10816
4359
5565
15906
10314
15627
7715
15296
10720
8753
3944
8804
73
3554
3257
1694
8294
11691
8186
14322
5195
10092
17479
13440
4813
8889
7357
11293
3698
4715
7674
8765
17449
9884
9538
8873
13897
4261
8627
15013
15092
9217
16480
5494
8812
13414
207
2005
13735
9743
15842
10127
6799
7941
8386
2508
9749
8985
16
12033
12365
12650
2277
8839
17438
7294
1608
11491
7264
1424
286
11555
2408
3437
6029
3445
5560
5682
16176
15486
4059
1569
4607
15189
4596
14866
17499
14035
13129
17593
8634
7596
13018
3520
3015
10909
4754
15733
3304
3883
7681
3048
12728
8976
4398
5659
12861
1872
12329
4108
13367
10229
17067
12342
16679
1691
16147
5664
5164
5482
17359
16506
2673
3817
8188
123
9822
14544
13131
1300
4719
11376
15862
6152
7117
12839
4776
4088
12160
3877
6844
4759
1302
17013
16076
17407
7338
2214
16328
9639
5783
11226
7114
4786
2592
6854
11429
2037
2988
7991
3165
4683
7023
1395
5806
10615
5556
3862
1425
14680
7147
7719
12040
8041
4833
7140
1542
3057
16674
2680
3022
14459
13290
11036
16177
4520
6203
17586
7914
14317
11297
10047
3274
10647
6592
8541
6940
16350
10608
3536
12227
1126
938
17056
7397
17112
16632
9039
2120
14198
7002
12816
9907
9339
13803
1622
14510
7828
9591
14827
3669
10794
3232
12860
1728
4961
491
16909
8073
16983
9667
11977
2186
3514
14069
14480
3636
17549
16916
3979
10488
1858
16384
10544
13012
15864
16326
11224
11223
11705
11785
10485
9769
16208
12877
120
12277
6221
7160
1766
7600
13617
7942
13266
3532
9727
6551
8349
17322
15215
14427
11565
1041
1389
4728
8810
223
3800
16081
2260
15630
10069
16835
9700
10845
5605
2060
3754
11870
2387
3156
14669
4991
6246
10542
11905
2830
4652
17606
6536
1269
859
3551
14337
8871
6644
1750
15518
1032
9264
11196
16298
7022
10709
14616
10449
3512
3128
10757
16067
3291
8182
4
1616
1074
6263
4672
4849
6607
16473
7424
6730
12711
7013
5543
2432
10823
11523
9861
15006
8925
16620
7720
13658
14412
10131
3620
5373
8684
8404
6675
17360
14032
3120
3713
13105
14130
7658
10625
1990
4703
12539
14007
10319
2849
7069
8831
1592
13285
10374
1122
2890
8047
8771
9375
2004
4441
9063
14679
6674
12347
806
6155
1129
13155
8311
11425
12474
8784
1667
15825
9394
11670
17658
13530
3643
4408
6836
16837
14011
12095
4367
3053
13899
12454
6244
117
9354
11029
11046
13085
6456
15411
14248
2135
10174
13110
1259
6150
1720
3441
12179
580
1956
17441
2028
13980
3372
10487
7736
3679
14707
5378
5901
12293
6757
1035
4043
9128
9846
17641
6792
6597
16633
6381
13895
13626
6433
16666
17697
15919
6006
7028
13353
12772
15375
16971
11286
15263
4327
11478
7432
12114
11497
11752
2899
4135
5472
2744
8013
11278
11998
2414
9247
4701
15037
7829
653
6782
5004
16539
8385
14633
14525
15201
4067
11528
14796
15793
8647
1166
13255
5965
15780
8079
5674
16064
7419
9017
3444
7298
8208
4746
9372
6465
9315
8854
16654
10183
15887
14887
548
10473
2151
2113
3597
9622
542
17109
1939
14593
10173
7503
358
4788
11227
374
12314
14990
6486
11939
8118
8170
16405
13529
5563
17493
7887
13958
4469
15511
17498
13793
3473
14370
12595
17392
15005
16972
7983
2722
10290
15235
1168
4199
10245
12743
15594
11510
14385
4888
14700
6603
8442
2852
14146
6895
14980
4922
3963
14780
8066
14272
3283
4309
16901
7214
698
8107
13985
12461
3644
15836
14238
5320
15930
11590
11498
16648
1961
1034
3104
7024
15195
4494
3343
10877
6000
4538
5198
16898
3837
9302
11654
9768
6078
739
6527
3984
13635
10134
3831
15421
8506
978
16271
15226
15685
9636
3229
5899
8882
10604
14575
470
520
4923
9439
17735
15242
5613
14084
15155
6104
1047
8344
3178
15144
11374
9844
10159
3600
816
5202
10311
15759
17740
12068
9571
13931
2451
5651
11414
6992
6956
15244
10760
12299
17219
8640
14879
6126
266
7261
10258
17607
5827
1075
12530
8427
15270
15988
13616
3247
1194
4627
10756
4512
9209
14872
6447
11943
17146
10202
8558
7176
7186
6820
10585
9405
16736
16576
11438
11899
11809
5549
3752
9146
6855
16457
6941
3409
7409
6121
7697
12144
4979
5338
15890
10805
6651
10416
15826
6166
219
15412
12694
12698
1544
7882
10270
2171
8869
13262
12871
3859
9425
4814
9443
4307
15844
5280
17147
4281
6650
3974
8864
148
11693
15301
1260
1824
16286
8003
12235
16724
2429
17601
11423
7343
2352
2357
13521
2807
9632
16631
17157
15712
1336
14429
10072
7683
5949
4391
4164
7551
2506
7860
2178
6402
12085
7610
2169
807
2679
8861
3440
14745
17074
8722
8835
8841
800
918
8270
12026
3365
14145
13050
10538
4123
13358
1417
15199
9525
17246
10086
5001
8258
11044
4915
16369
714
15193
9459
397
17131
12323
8710
232
7460
13141
1705
10804
9502
16941
8990
15867
8286
8153
15729
1604
13919
14883
15306
9403
13056
13281
16991
10552
14453
17327
6030
7489
6416
7508
14738
10952
15020
4413
10286
14943
519
10690
9378
14579
1960
3180
17476
985
15592
5123
6823
7552
13940
5390
2798
16856
15697
1530
14206
8452
8811
17041
10041
16559
528
12952
5475
3797
9640
17581
14519
17750
8022
9873
6403
10886
5548
7058
10075
17453
13458
8474
9862
4166
428
12240
16446
9633
10191
14746
16696
7667
16520
835
8818
9139
8142
3337
15799
16203
4496
16560
5438
10396
1539
10316
6464
6846
3763
29
8102
11037
15504
10656
1975
16322
15934
15173
9928
9869
1773
3785
8644
16754
17156
17048
2412
7633
2809
5598
7565
1043
1320
1423
2044
7337
752
10570
13335
17511
3302
10383
15726
5143
5653
7166
9289
11732
318
15817
9380
8588
5744
5746
16525
13755
16768
14627
9441
3183
16629
6957
10157
10216
13567
12127
9011
15309
8648
10366
12251
13135
13988
3709
13916
4089
4191
3086
10129
4459
16020
2701
2973
4823
194
688
1207
12093
14178
6262
4578
16565
15383
13218
1211
6204
8884
1744
5751
379
7802
4662
3719
13528
5529
11982
13768
2841
6360
1399
7288
5179
3956
11843
5711
15175
8601
17678
10742
270
14243
6724
6467
16833
9925
15571
4506
4928
4297
5880
10681
4183
15101
480
12050
12542
14895
7003
13253
1935
10143
17413
15802
15600
10411
13554
1192
13744
13570
14381
3206
4290
10602
14645
9138
7640
3503
2206
16918
5627
11842
10035
16234
13601
12282
12161
4064
10988
9949
10478
5950
14271
7805
5262
12185
7793
7827
16250
370
7771
15786
7341
11758
13615
407
920
4025
6346
7466
6979
540
1162
10888
5144
2619
5541
14442
2370
2402
16095
14255
16785
9028
8370
2212
458
5426
16598
1225
16297
15329
17583
11251
8551
7951
17726
13146
6283
766
14846
4856
12125
304
606
12514
5298
8741
17615
4757
1142
8249
12129
4821
7352
9533
12030
11833
16422
17473
16930
12667
6593
14279
14671
12679
1558
15494
12519
16063
17540
7885
4717
9989
5683
5929
17530
12483
8109
840
8030
10810
11383
12842
2990
12912
9137
2146
11782
9563
16156
658
4898
8927
7445
14885
14908
17768
12683
8894
7835
5266
14432
9993
9049
1886
7854
8487
1433
9448
12301
864
1760
4412
9410
12957
12496
10776
4964
16254
10158
16866
3423
15362
7462
2987
1264
14185
5402
13837
13737
15955
16829
3371
7880
11730
2256
9304
14390
15795
730
2755
15161
8635
11828
8219
11754
3428
2822
11808
16198
14925
14082
12498
2709
858
3973
717
9548
16241
13314
5779
10313
14068
13145
7919
11434
9454
11206
4912
6094
15711
2439
8942
9834
16128
15280
8901
2558
1802
4076
10472
3391
14651
7427
7456
2480
10606
5915
14156
3187
5361
13750
6534
1969
12011
7949
16114
7738
16016
15363
984
6522
3306
13704
2963
4347
14693
4903
6621
2397
4000
8303
2595
3676
1198
13651
12815
12643
6457
5623
4346
15515
8768
9876
12004
229
8077
5845
2025
7753
6856
10479
14914
10299
6939
9030
3991
3784
13460
11275
15967
4268
13151
16490
9057
10317
1004
17739
2035
6256
1901
3040
17543
7932
7165
8594
9816
13788
9025
13338
14545
2541
584
9371
240
2886
3881
13058
2099
16732
12644
1641
12370
1775
4194
3916
15987
10004
15900
1375
2390
8105
16592
488
7393
7817
12576
6851
2328
354
14266
9605
6123
451
9386
6515
4803
13001
15584
6408
4714
104
14001
4093
2215
1354
12225
13040
5770
6154
7739
8650
13946
7008
17025
12445
14399
1607
12019
10028
838
9681
16219
9131
3626
11511
1317
3012
13422
579
11603
5313
4394
5028
10562
7239
12211
5091
2907
6382
11262
575
15863
9699
10908
16828
11804
4287
5375
7795
8964
6817
4595
6868
2322
12966
12829
11519
13579
12205
2908
3995
15508
17212
4244
7019
745
5411
2459
12005
16573
2476
13478
3968
16517
1028
2721
1949
5523
11499
13329
8044
165
11379
11116
3627
14860
1945
3678
7563
13950
7659
5057
11470
12049
2064
7536
4442
3957
1736
8455
10470
287
3330
16462
13234
11422
10090
2224
16109
4021
10373
6048
10867
11950
8333
3336
4537
13153
16723
12995
14540
7648
13361
3375
15113
7090
12884
2193
7465
10566
3798
5906
15269
17317
6965
5797
6296
10660
17394
15948
12660
16939
12550
534
836
6557
1913
12451
12350
17385
5905
12994
7144
10254
7965
3529
1637
6087
16346
11726
13734
11825
17676
16055
6668
6077
10541
15308
4726
16376
12849
14947
13852
14740
2466
13215
3693
5520
13765
10025
16195
13359
11285
12798
263
16718
11684
5328
15997
2565
9990
5348
14221
645
14742
1340
15167
10230
14705
11531
14165
4178
11110
6329
1791
15257
853
9513
15665
8157
16111
753
8518
9674
11995
13462
14466
12760
4446
9918
8580
3381
17556
15920
9631
7509
524
11501
10971
14537
7700
15109
498
12997
16547
12167
15656
5125
16888
4502
16877
13894
5816
7119
5963
3328
3067
10079
7416
1468
9771
14162
7572
16528
6946
4933
5553
2795
13430
3135
9477
14711
4962
13741
4637
14448
3607
14047
16660
327
4758
8785
2768
12497
16382
12153
1069
16933
17320
610
3756
9478
4626
7021
5029
14490
15653
444
12137
16324
13349
16929
13718
4208
13302
4981
15093
10391
6119
13483
16645
1799
14592
5396
1712
11827
5714
10603
9206
4475
7743
10758
17588
268
11505
2179
13939
7530
11339
1753
395
11765
7562
6072
15873
3803
15703
686
16984
1184
748
14375
991
6934
9159
8169
5715
8049
12241
6124
17647
17190
2112
1898
17393
5983
10731
17710
13712
747
4546
13955
4358
13143
212
10284
5443
14443
385
9195
5242
16073
1629
10145
9961
17565
15330
7666
4974
7595
14600
1639
7559
11554
4235
4891
16080
10996
4134
9655
9790
1348
16088
7702
2713
7215
12397
1765
2211
6942
414
4303
4858
16994
5996
7296
3462
4770
11571
7267
14172
11252
16647
13692
16279
13393
6947
128
15788
12719
13465
17405
5789
11014
8334
1722
12827
5728
13446
2921
1466
3545
8665
10644
7351
1140
1586
12083
3436
7711
10722
4973
9930
4033
15488
13552
12174
5154
12097
10835
8814
16751
9385
3573
11233
8433
9587
1167
1834
4649
14128
3125
4402
15245
17106
5259
282
6893
10926
9801
11648
643
13190
15177
2775
1438
15649
9947
4447
979
16875
7034
6501
9096
15247
9845
16750
1174
709
1270
4029
1134
7389
15724
6490
16821
11748
15361
363
3425
8745
8141
11062
14800
799
14750
12462
3589
12195
5843
3599
2658
2539
15932
14120
15359
17610
12581
12230
13625
3169
12392
5146
15913
635
2868
17312
10232
15170
278
3359
14687
12374
11850
7220
7796
12924
2616
10262
6684
12917
14882
456
9851
17217
17184
11561
8986
16713
7593
3126
8847
5132
8998
3472
15408
356
5618
13090
14599
15735
8485
5398
13533
1630
3581
11778
10824
13627
2688
1346
11023
10436
15909
2570
11032
1664
417
4628
8312
10852
5237
11191
3345
2537
14956
6195
8863
3476
7442
1614
3580
10242
2548
9651
7523
15643
9293
581
3249
17660
10190
15841
17512
17213
9086
10781
1836
12029
2785
12782
9922
12976
4675
1953
7512
12159
11325
6020
17738
13967
17707
14833
12869
3188
7920
3633
6299
11381
1214
14467
11102
2494
11683
7776
13264
5289
14215
1153
4489
17026
765
16211
1451
12950
7232
8790
13515
4535
11558
1201
6517
5937
9523
14502
8305
5189
11455
655
3923
14360
8462
11330
4046
7307
9180
9080
4184
3821
17634
4574
13924
3722
15562
17079
13166
9486
10710
850
11620
15029
12963
16019
10121
11762
16023
4203
15655
7912
6964
2672
4343
13822
12104
14022
657
4917
8397
2670
416
15422
15705
12003
7386
15415
4417
16327
2634
16762
3315
4384
3940
37
16515
3246
12626
5430
15003
4878
248
9750
17344
3677
2363
12692
16815
10789
12072
7364
3757
7320
9866
7665
5302
10329
6125
7381
11985
1156
16054
10091
17532
7670
7813
14773
16362
16096
8238
3115
12190
9416
1792
14131
10866
12126
15749
12064
13855
4519
1815
7490
3783
10968
8544
16634
3353
8176
16427
6748
4718
15342
89
7192
3297
13368
2407
10634
9208
180
8375
4061
896
1632
10991
5142
15710
17115
15275
9602
10163
9758
13471
8528
5169
2015
4238
11318
12972
4263
6257
8895
7871
17635
11024
6482
12735
368
3421
6888
8237
3189
15364
15889
5283
244
4430
2641
4676
7555
12745
6226
14085
12407
3434
4436
5747
535
12405
1626
17090
12499
9054
2955
16244
10940
5875
11854
607
13120
6175
1501
13547
9261
6404
15689
4071
7714
3533
2662
15995
3139
9126
5693
5461
17205
7677
3481
2885
2611
15490
12450
16094
3856
13915
7519
10972
3888
15599
944
5640
16980
292
981
13102
12702
12447
1737
13999
1994
15253
10107
13011
7182
3631
17186
13354
9848
11742
14907
2395
3531
1814
9572
12133
2292
6874
15998
15530
1848
4619
1310
8614
2327
3066
11189
4444
2069
12608
12585
15646
5148
14921
3077
16007
1988
16131
3154
340
14037
812
8428
6533
17401
7011
7468
10200
5063
4749
153
69
933
4467
6350
7285
2003
1634
16848
16002
13550
11146
139
12894
14501
10274
7092
9731
13269
13562
16336
9270
17672
8984
14330
12274
14646
5526
7858
384
4608
9521
15456
5910
17252
14397
16027
16640
13676
3334
11345
13214
9135
804
3079
1841
551
1224
5629
7094
1325
2278
7167
11793
109
10539
10670
3360
14029
3396
10315
17116
7278
4035
16756
17439
15762
7016
6714
6528
13716
9823
16388
2747
7924
7308
3975
6886
9979
4292
11080
2961
7334
7245
6377
1528
15950
2231
10189
14357
2650
13080
12885
10272
4264
7454
2623
15051
10900
11753
2898
5354
6818
7626
3842
12372
12946
10711
3248
4685
6935
2299
4222
14542
12637
756
17379
8300
6916
12037
1011
871
9070
6474
6915
15980
4630
2561
10293
8302
531
837
2456
2270
17510
8491
17223
3416
1257
17504
15959
13244
15719
8828
15654
12022
6643
2392
10642
4614
4300
10521
10051
14923
8754
5964
10475
13023
9002
15214
957
4743
8516
15912
2692
2281
5331
4121
16354
11923
11003
7488
9800
1065
11481
4516
6450
3340
940
9889
14816
2732
5765
11399
12635
106
4725
11790
15484
2312
251
14937
10101
6437
10916
11775
12654
3558
17044
14613
10516
17448
3389
2958
3552
15196
4009
16820
12722
8019
2006
16463
2789
5389
1772
5857
14861
6172
7888
6424
10858
4854
6181
10062
12246
11000
8449
3094
3592
6798
7402
3543
9590
16212
16651
13224
9818
16699
5392
15506
383
9676
16395
12489
11380
5483
1588
15990
15378
10008
1314
10689
10962
10502
803
3820
4530
15240
10515
16612
11678
15813
17096
11712
6726
14639
13700
6469
3688
7410
11745
16281
10712
14696
8244
15035
3255
10956
79
4204
6108
9599
2596
5805
6881
10405
1143
15071
2425
9223
90
1363
5226
10884
15560
11631
15147
9920
6559
15432
15333
1054
15883
11144
3528
17365
17234
13346
1675
11094
7104
475
3109
12685
10484
12192
11387
15200
13473
4423
2682
4460
13854
2354
12135
15790
15622
10854
4663
10038
6359
10820
17264
6047
15040
9284
1820
11907
13125
5883
14323
2850
16499
817
17195
12006
16650
875
1713
2117
4454
10048
11557
7737
14395
13165
4351
2989
16477
13113
4342
3899
12184
447
5702
11611
5258
8885
4041
12322
15471
1726
3355
12217
15897
14445
15533
1891
4919
5035
12380
8212
5341
10339
5344
5554
6749
6348
15747
12136
9643
11444
14187
5371
11187
14523
8707
13763
5377
772
5768
2045
17645
8122
7181
3036
8444
5473
976
12771
10109
14300
10068
10923
7643
6660
11331
1997
8087
16639
13650
4820
4004
16184
4453
943
7684
6366
8007
1628
1933
7975
7125
2405
7744
11646
11241
16761
12221
11685
10208
13578
15027
14441
11560
9475
8975
9440
1221
712
7994
8436
8608
7159
15847
8104
5218
7492
10937
9185
15328
14455
9698
3843
8589
11324
11735
7968
10775
13016
2546
4745
6744
4731
12140
7930
2137
8535
14721
10786
6932
1473
7052
15731
11618
1449
827
2472
2858
6560
9565
14192
16503
10292
2502
6837
9196
15281
17101
7318
10486
14210
2752
6260
13771
13743
8383
345
4765
8881
3307
16900
5211
1092
6498
12671
188
15252
4666
9473
11999
10152
10771
13905
15534
15399
3417
8372
12589
7370
10957
9278
13077
3380
8252
1459
12313
10645
16794
15246
4706
1067
5869
15670
2681
8782
6974
11830
12568
11710
2296
7305
11025
564
4842
6410
4583
5505
17760
14578
10393
12668
10738
10426
4087
8251
16047
4730
8458
7676
9577
718
5219
15918
15754
7578
10235
14836
6845
11653
14942
16368
8652
10782
6001
12471
3092
6458
16946
1289
3113
11382
11059
17165
6508
30
12429
5225
12915
14526
14648
9356
1809
5571
6512
4372
3243
15652
10880
1232
9421
11861
6793
406
9422
1682
9488
913
13000
15755
5386
8057
3401
9193
16230
16658
5504
4930
8413
10322
8931
2343
10844
8148
12353
1386
9490
5105
62
5704
5752
5689
16886
3931
14531
4558
1871
11715
12100
14710
15661
183
3954
16003
14797
11898
8824
2637
8780
10481
3703
8825
9878
14563
10526
16935
15115
9415
13073
6556
13711
9417
14166
15725
15218
10053
8682
9203
9094
17638
4172
8758
17695
9836
6157
17224
14078
16904
17295
9088
2448
5840
5685
11076
4445
99
10801
4236
6800
9539
274
333
2804
11178
15290
16260
1370
8783
3622
3730
7877
3739
6429
16434
336
3326
3616
5564
16026
16585
11617
2887
6734
10969
14936
2675
11004
9460
16397
4563
10994
3506
7121
13814
1554
9723
8259
10395
13026
5926
9891
12962
1966
11249
17211
4245
7497
6412
17341
1304
16378
13107
1253
5871
8301
16113
15663
10375
17612
6727
6717
6882
6258
15299
11147
6574
14596
2983
16045
10527
199
4773
9562
13759
11031
15400
6633
4514
16682
2652
9388
6039
16497
5555
8849
3818
7274
16509
16015
393
17704
16596
423
15859
12880
9569
10384
6135
5121
2081
10958
12099
3649
7862
15475
7651
4335
1172
14106
5425
15945
8209
8937
39
9742
1394
17701
13546
14354
15381
9228
6902
14213
1413
4481
9689
401
15179
15903
10300
3773
5110
10231
6073
4139
7316
8108
9387
3082
4603
8353
8664
1405
2821
6787
4252
4257
211
2594
10613
5836
10826
17752
15365
43
4395
14927
13945
8374
5097
9892
5292
11811
10970
2527
16793
9905
4014
16862
5737
9595
8408
1730
2540
4345
3034
10365
10376
12712
5534
7905
8376
17467
14051
12714
16029
3004
7436
11559
13721
15884
9748
5231
17308
5660
14132
2749
16841
12196
17559
12633
5265
14020
8529
13876
7663
7010
4369
15258
15181
2111
13413
2052
13611
9692
15761
2047
2331
9827
16687
11464
12362
16277
313
2098
11759
13076
8262
14976
17300
9784
10870
11392
1216
1275
15439
7470
1625
5958
8320
2013
10553
3534
2838
11459
7544
16135
9603
6639
1831
8314
15472
3648
4392
1642
4023
